dtxsid,aeid,hitc_clean,active
DTXSID0020022,2387,0.004066707496851393,0.0
DTXSID0020076,2387,0.0,0.0
DTXSID0020105,2387,1.271038491808972e-11,0.0
DTXSID0020107,2387,0.0,0.0
DTXSID0020151,2387,0.0,0.0
DTXSID0020232,2387,,
DTXSID0020286,2387,0.00026750042690732026,0.0
DTXSID0020311,2387,0.0,0.0
DTXSID0020319,2387,0.9584900984171416,1.0
DTXSID0020440,2387,0.0,0.0
DTXSID0020442,2387,0.0,0.0
DTXSID0020446,2387,0.0,0.0
DTXSID0020494,2387,2.7550191897001188e-08,0.0
DTXSID0020498,2387,,
DTXSID0020523,2387,0.0,0.0
DTXSID0020529,2387,,
DTXSID0020573,2387,0.9999999999951904,1.0
DTXSID0020575,2387,0.0,0.0
DTXSID0020604,2387,0.0,0.0
DTXSID0020606,2387,0.0,0.0
DTXSID0020652,2387,0.0,0.0
DTXSID0020654,2387,0.0,0.0
DTXSID0020656,2387,8.480171252067898e-12,0.0
DTXSID0020737,2387,0.16477409799190323,0.0
DTXSID0020814,2387,6.519298662284426e-07,0.0
DTXSID0020862,2387,0.0,0.0
DTXSID0020941,2387,0.0029171652889811374,0.0
DTXSID0020943,2387,0.031822318846658496,0.0
DTXSID0021094,2387,,
DTXSID0021123,2387,4.3390468464143407e-13,0.0
DTXSID0021125,2387,0.9908220950986181,1.0
DTXSID0021175,2387,3.187755483266002e-10,0.0
DTXSID0021206,2387,0.09399110096599538,0.0
DTXSID0021254,2387,0.0,0.0
DTXSID0021256,2387,0.02986617042451578,0.0
DTXSID0021337,2387,0.0,0.0
DTXSID0021385,2387,0.9884395125069066,1.0
DTXSID0021389,2387,,
DTXSID0021414,2387,0.0,0.0
DTXSID0021460,2387,0.9250439092303065,1.0
DTXSID0021464,2387,0.9999944948054266,1.0
DTXSID0021597,2387,0.0,0.0
DTXSID0021759,2387,0.0,0.0
DTXSID0021832,2387,2.5506576418073727e-13,0.0
DTXSID0021834,2387,4.9457289257951e-08,0.0
DTXSID0021836,2387,1.643987045608668e-06,0.0
DTXSID0021888,2387,0.0,0.0
DTXSID0021961,2387,1.052086376692584e-13,0.0
DTXSID0021965,2387,0.0,0.0
DTXSID0021969,2387,0.0,0.0
DTXSID0022014,2387,0.0,0.0
DTXSID0022018,2387,0.0,0.0
DTXSID0022068,2387,1.910309449043583e-14,0.0
DTXSID0022353,2387,0.9989064176837664,1.0
DTXSID0022436,2387,7.699458821350433e-18,0.0
DTXSID0022480,2387,0.0,0.0
DTXSID0022519,2387,,
DTXSID0022777,2387,0.6835706746205864,0.0
DTXSID0022933,2387,0.0,0.0
DTXSID0023113,2387,0.0,0.0
DTXSID0023296,2387,0.016692802627219065,0.0
DTXSID0023581,2387,1.2221230038381323e-12,0.0
DTXSID0023745,2387,0.0,0.0
DTXSID0023826,2387,0.0,0.0
DTXSID0023878,2387,0.009266696035019449,0.0
DTXSID0023901,2387,0.0,0.0
DTXSID0023907,2387,0.0,0.0
DTXSID0023909,2387,0.0,0.0
DTXSID0023951,2387,0.0,0.0
DTXSID0024000,2387,,
DTXSID0024002,2387,,
DTXSID0024052,2387,0.0,0.0
DTXSID0024216,2387,0.0,0.0
DTXSID0024266,2387,0.0,0.0
DTXSID0024553,2387,0.0,0.0
DTXSID0025101,2387,0.013338462723871028,0.0
DTXSID0025234,2387,7.568344809353773e-06,0.0
DTXSID0025363,2387,6.621713706147938e-09,0.0
DTXSID0025523,2387,0.0,0.0
DTXSID0025527,2387,1.0,1.0
DTXSID0025816,2387,0.0,0.0
DTXSID0025864,2387,,
DTXSID0026171,2387,0.0,0.0
DTXSID0026252,2387,0.0,0.0
DTXSID0026258,2387,1.1563579134387593e-05,0.0
DTXSID0026838,2387,1.554814526817684e-05,0.0
DTXSID0026880,2387,0.0,0.0
DTXSID0026915,2387,0.999549993734294,1.0
DTXSID0026967,2387,0.08686387512606546,0.0
DTXSID0027014,2387,0.1292185348594405,0.0
DTXSID0027149,2387,0.0013908222766447578,0.0
DTXSID0027191,2387,0.0,0.0
DTXSID0027195,2387,0.0,0.0
DTXSID0027222,2387,,
DTXSID0027270,2387,0.0,0.0
DTXSID0027640,2387,0.0,0.0
DTXSID0027721,2387,2.0279597598153084e-11,0.0
DTXSID0027852,2387,0.0,0.0
DTXSID0027856,2387,2.071884546329909e-09,0.0
DTXSID0027983,2387,1.178056929923324e-17,0.0
DTXSID0028038,2387,0.9999967925548611,1.0
DTXSID0028666,2387,0.0,0.0
DTXSID0029133,2387,0.0,0.0
DTXSID0029187,2387,4.2065695482987507e-17,0.0
DTXSID0029210,2387,0.0020767267010356146,0.0
DTXSID0029214,2387,1.963492111456982e-14,0.0
DTXSID0029262,2387,,
DTXSID0029559,2387,6.958707792690749e-06,0.0
DTXSID0029761,2387,0.00718193462395802,0.0
DTXSID0029848,2387,0.0,0.0
DTXSID0032316,2387,0.8547845495698949,0.0
DTXSID0032493,2387,,
DTXSID0032497,2387,0.0,0.0
DTXSID0032520,2387,0.0,0.0
DTXSID0032572,2387,1.2377355969880388e-05,0.0
DTXSID0032578,2387,0.9987922958576604,1.0
DTXSID0032601,2387,1.8711162791809106e-06,0.0
DTXSID0032605,2387,0.0,0.0
DTXSID0032651,2387,0.0,0.0
DTXSID0032655,2387,0.999141298673011,1.0
DTXSID0034192,2387,0.9999999999999902,1.0
DTXSID0034223,2387,3.357868341337008e-12,0.0
DTXSID0034227,2387,1.080776239724887e-09,0.0
DTXSID0034229,2387,0.00039626574261466315,0.0
DTXSID0034300,2387,0.0,0.0
DTXSID0034518,2387,8.336678650974924e-10,0.0
DTXSID0034566,2387,0.9963921815364944,1.0
DTXSID0034695,2387,0.0,0.0
DTXSID0034722,2387,0.0,0.0
DTXSID0034803,2387,,
DTXSID0034851,2387,3.2964248476402256e-08,0.0
DTXSID0034855,2387,0.0,0.0
DTXSID0034930,2387,0.0,0.0
DTXSID0035160,2387,0.0,0.0
DTXSID0035748,2387,1.2880654837895775e-08,0.0
DTXSID0037495,2387,0.10912936567972949,0.0
DTXSID0037730,2387,1.2076256245593303e-05,0.0
DTXSID0038700,2387,0.0,0.0
DTXSID0038881,2387,,
DTXSID0038887,2387,0.0,0.0
DTXSID0039223,2387,,
DTXSID0040701,2387,1.319163526559518e-15,0.0
DTXSID0040707,2387,,
DTXSID0041141,2387,0.0,0.0
DTXSID0041270,2387,0.0,0.0
DTXSID0041274,2387,2.0473789448707723e-10,0.0
DTXSID0041357,2387,0.019355151248139104,0.0
DTXSID0041484,2387,0.0,0.0
DTXSID0041567,2387,0.0,0.0
DTXSID0041646,2387,,
DTXSID0041721,2387,0.0,0.0
DTXSID0041981,2387,0.0,0.0
DTXSID0042038,2387,,
DTXSID0042086,2387,1.3044922248808873e-10,0.0
DTXSID0042167,2387,0.0,0.0
DTXSID0042169,2387,0.0,0.0
DTXSID0042325,2387,0.0,0.0
DTXSID0042327,2387,0.0,0.0
DTXSID0042379,2387,0.0,0.0
DTXSID0042400,2387,0.0,0.0
DTXSID0042406,2387,0.0,0.0
DTXSID0042454,2387,1.9556478779016754e-08,0.0
DTXSID0044571,2387,0.013653386597744854,0.0
DTXSID0044575,2387,0.0,0.0
DTXSID0044818,2387,0.0,0.0
DTXSID0047167,2387,0.0,0.0
DTXSID0047246,2387,0.9987600289959848,1.0
DTXSID0047248,2387,0.0,0.0
DTXSID0047290,2387,0.9985460034815952,1.0
DTXSID0047292,2387,0.0,0.0
DTXSID0047294,2387,0.7927764111664931,0.0
DTXSID0047296,2387,0.0,0.0
DTXSID0047325,2387,0.0,0.0
DTXSID0047327,2387,0.16020199496547993,0.0
DTXSID0047371,2387,0.49610405239936045,0.0
DTXSID0047375,2387,0.12173110471393422,0.0
DTXSID0047377,2387,4.602008705372961e-09,0.0
DTXSID0047379,2387,0.0,0.0
DTXSID0047456,2387,8.169997465257649e-09,0.0
DTXSID0047533,2387,0.0,0.0
DTXSID0047535,2387,0.0,0.0
DTXSID0047537,2387,0.0,0.0
DTXSID0047539,2387,0.0,0.0
DTXSID0047741,2387,0.0,0.0
DTXSID0047749,2387,0.0,0.0
DTXSID0047957,2387,0.9999959618784299,1.0
DTXSID0048181,2387,0.0,0.0
DTXSID0048183,2387,6.589680568224541e-09,0.0
DTXSID0048185,2387,,
DTXSID0048187,2387,1.4263179001469193e-14,0.0
DTXSID0048189,2387,0.47055092573734936,0.0
DTXSID0048210,2387,0.0,0.0
DTXSID0048505,2387,3.216252493214911e-15,0.0
DTXSID0048507,2387,2.2772100552742465e-09,0.0
DTXSID0048509,2387,0.026991916743033462,0.0
DTXSID0051570,2387,0.0,0.0
DTXSID00872663,2387,0.03251090117238664,0.0
DTXSID1020069,2387,0.9995067358330875,1.0
DTXSID1020140,2387,0.0007118364499065343,0.0
DTXSID1020144,2387,0.0009791490803126833,0.0
DTXSID1020148,2387,0.8352123884741571,0.0
DTXSID1020190,2387,,
DTXSID1020194,2387,0.0,0.0
DTXSID1020221,2387,0.999376893051317,1.0
DTXSID1020350,2387,,
DTXSID1020352,2387,0.0,0.0
DTXSID1020354,2387,1.976099752453156e-10,0.0
DTXSID1020431,2387,0.0,0.0
DTXSID1020433,2387,0.02326679774447031,0.0
DTXSID1020439,2387,0.0,0.0
DTXSID1020485,2387,1.7789864808585832e-05,0.0
DTXSID1020510,2387,4.879872443482529e-08,0.0
DTXSID1020512,2387,0.0,0.0
DTXSID1020516,2387,2.2013784382140453e-09,0.0
DTXSID1020560,2387,1.7004208396953e-14,0.0
DTXSID1020647,2387,0.0,0.0
DTXSID1020699,2387,0.9996893814121277,1.0
DTXSID1020770,2387,0.999944417889156,1.0
DTXSID1020805,2387,0.0,0.0
DTXSID1020807,2387,0.00020709007559065523,0.0
DTXSID1020855,2387,,
DTXSID1020930,2387,0.0,0.0
DTXSID1020932,2387,0.0018154545556459227,0.0
DTXSID1021031,2387,0.0005212972790189627,0.0
DTXSID1021087,2387,0.9999419426788405,1.0
DTXSID1021116,2387,1.3226369645031425e-08,0.0
DTXSID1021160,2387,0.0,0.0
DTXSID1021164,2387,5.3148716093884176e-08,0.0
DTXSID1021166,2387,0.0,0.0
DTXSID1021243,2387,1.0,1.0
DTXSID1021322,2387,0.9999184996588076,1.0
DTXSID1021374,2387,0.0,0.0
DTXSID1021378,2387,0.0,0.0
DTXSID1021403,2387,0.0,0.0
DTXSID1021409,2387,0.7859454358818475,0.0
DTXSID1021455,2387,0.0,0.0
DTXSID1021740,2387,1.2586087318060716e-18,0.0
DTXSID1021790,2387,1.2816509852421665e-14,0.0
DTXSID1021792,2387,0.0,0.0
DTXSID1021798,2387,0.0,0.0
DTXSID1021821,2387,,
DTXSID1021871,2387,,
DTXSID1021877,2387,1.7552348723937868e-10,0.0
DTXSID1021952,2387,0.0,0.0
DTXSID1021956,2387,,
DTXSID1022053,2387,0.0,0.0
DTXSID1022055,2387,1.2426452087697555e-07,0.0
DTXSID1022265,2387,0.0,0.0
DTXSID1022267,2387,0.0,0.0
DTXSID1022394,2387,0.9772735430393706,1.0
DTXSID1022396,2387,0.0,0.0
DTXSID1022421,2387,2.558337362045463e-13,0.0
DTXSID1022479,2387,0.0,0.0
DTXSID1022508,2387,0.00017160470158616984,0.0
DTXSID1023235,2387,0.0,0.0
DTXSID1023819,2387,0.07449758884345657,0.0
DTXSID1023869,2387,0.0,0.0
DTXSID1023990,2387,0.0,0.0
DTXSID1023996,2387,0.0,0.0
DTXSID1023998,2387,0.0038588134150407596,0.0
DTXSID1024045,2387,,
DTXSID1024049,2387,0.0,0.0
DTXSID1024091,2387,0.0,0.0
DTXSID1024097,2387,0.0,0.0
DTXSID1024124,2387,0.0,0.0
DTXSID1024126,2387,3.513153293233666e-06,0.0
DTXSID1024170,2387,0.0,0.0
DTXSID1024174,2387,0.0,0.0
DTXSID1024176,2387,1.5712018575446073e-11,0.0
DTXSID1024209,2387,0.999643076972679,1.0
DTXSID1024255,2387,4.444792598887745e-10,0.0
DTXSID1024259,2387,1.9049336713353982e-07,0.0
DTXSID1024338,2387,0.0,0.0
DTXSID1024598,2387,1.0974249761183183e-08,0.0
DTXSID1024621,2387,0.0,0.0
DTXSID1024704,2387,0.0,0.0
DTXSID1025017,2387,,
DTXSID1025148,2387,3.031149373660528e-11,0.0
DTXSID1025271,2387,0.0,0.0
DTXSID1025300,2387,0.0,0.0
DTXSID1025306,2387,0.0,0.0
DTXSID1025726,2387,0.0599227049055746,0.0
DTXSID1025805,2387,1.682868708623332e-05,0.0
DTXSID1025809,2387,0.0,0.0
DTXSID1025857,2387,0.00011589891695150995,0.0
DTXSID1026031,2387,0.0,0.0
DTXSID1026033,2387,0.09895225773233503,0.0
DTXSID1026035,2387,0.0,0.0
DTXSID1026081,2387,0.9983533418412096,1.0
DTXSID1026118,2387,0.0,0.0
DTXSID1026164,2387,,
DTXSID1026241,2387,0.4081907033785803,0.0
DTXSID1026665,2387,0.0,0.0
DTXSID1026792,2387,4.157376509852974e-07,0.0
DTXSID1026879,2387,0.0,0.0
DTXSID1026900,2387,0.0424184206090283,0.0
DTXSID1026904,2387,,
DTXSID1026906,2387,0.0,0.0
DTXSID1026908,2387,0.0,0.0
DTXSID1027134,2387,0.0,0.0
DTXSID1027184,2387,0.0,0.0
DTXSID1027263,2387,6.89492430238219e-08,0.0
DTXSID1027390,2387,0.04781239559793369,0.0
DTXSID1027429,2387,0.0,0.0
DTXSID1027479,2387,0.0,0.0
DTXSID1027500,2387,0.0,0.0
DTXSID1027550,2387,0.0,0.0
DTXSID1027633,2387,,
DTXSID1027635,2387,4.868851583409398e-12,0.0
DTXSID1027891,2387,0.9998362228916431,1.0
DTXSID1027899,2387,9.522686653219018e-06,0.0
DTXSID1027920,2387,0.0,0.0
DTXSID1027924,2387,0.009282937739657415,0.0
DTXSID1027926,2387,0.9983679960112629,1.0
DTXSID1029124,2387,0.0,0.0
DTXSID1029128,2387,,
DTXSID1029170,2387,,
DTXSID1029677,2387,0.0,0.0
DTXSID1030606,2387,0.0,0.0
DTXSID1032303,2387,0.0,0.0
DTXSID1032305,2387,3.0932429259974488e-09,0.0
DTXSID1032309,2387,3.2373539814972636e-09,0.0
DTXSID1032355,2387,7.638482216295788e-11,0.0
DTXSID1032359,2387,0.9995926805984314,1.0
DTXSID1032482,2387,0.000155585379559898,0.0
DTXSID1032484,2387,0.0,0.0
DTXSID1032488,2387,0.0,0.0
DTXSID1032511,2387,0.0,0.0
DTXSID1032513,2387,0.0,0.0
DTXSID1032519,2387,0.0006655433454624969,0.0
DTXSID1032569,2387,0.0,0.0
DTXSID1032640,2387,,
DTXSID1032646,2387,,
DTXSID1032648,2387,0.7978455392301095,0.0
DTXSID1032690,2387,0.0,0.0
DTXSID1033161,2387,0.0,0.0
DTXSID1033371,2387,4.401894152263874e-06,0.0
DTXSID1033664,2387,1.0,1.0
DTXSID1034181,2387,2.2330405240401323e-05,0.0
DTXSID1034187,2387,0.002753360405642261,0.0
DTXSID1034210,2387,,
DTXSID1034212,2387,,
DTXSID1034260,2387,0.0,0.0
DTXSID1034501,2387,1.0986707519945926e-11,0.0
DTXSID1034503,2387,6.970135572219968e-14,0.0
DTXSID1034634,2387,0.9914823242982319,1.0
DTXSID1034929,2387,0.0,0.0
DTXSID1034973,2387,,
DTXSID1035288,2387,0.00010805704208037522,0.0
DTXSID1037303,2387,0.0,0.0
DTXSID1037565,2387,0.0,0.0
DTXSID1038298,2387,0.9996724471816775,1.0
DTXSID1038321,2387,4.666591139002388e-08,0.0
DTXSID1038666,2387,0.0,0.0
DTXSID1038795,2387,,
DTXSID1040110,2387,2.3124185061462072e-09,0.0
DTXSID1040112,2387,,
DTXSID1040324,2387,0.0,0.0
DTXSID1040372,2387,0.0,0.0
DTXSID1040611,2387,0.9372465757470285,1.0
DTXSID1040742,2387,0.0,0.0
DTXSID1040792,2387,0.0,0.0
DTXSID1040794,2387,4.754051231640446e-08,0.0
DTXSID1041184,2387,1.9055097608678395e-11,0.0
DTXSID1041188,2387,7.357228343208578e-11,0.0
DTXSID1041265,2387,6.61531084491162e-09,0.0
DTXSID1041267,2387,,
DTXSID1041346,2387,,
DTXSID1041421,2387,,
DTXSID1041425,2387,1.3633476710968882e-07,0.0
DTXSID1041506,2387,0.9999838006859396,1.0
DTXSID1041508,2387,0.0,0.0
DTXSID1041550,2387,1.9981751614474348e-10,0.0
DTXSID1041639,2387,0.0,0.0
DTXSID1041847,2387,0.0,0.0
DTXSID1041891,2387,0.0,0.0
DTXSID1041920,2387,0.0,0.0
DTXSID1041970,2387,0.0,0.0
DTXSID1041978,2387,0.0,0.0
DTXSID1042154,2387,0.0,0.0
DTXSID1042491,2387,0.0,0.0
DTXSID1044435,2387,0.0,0.0
DTXSID1044487,2387,0.9999992562858964,1.0
DTXSID1044564,2387,0.0,0.0
DTXSID1044643,2387,0.0,0.0
DTXSID1044693,2387,,
DTXSID1044697,2387,0.0001770692892137776,0.0
DTXSID1046970,2387,0.9969289551556686,1.0
DTXSID1047281,2387,4.555850773288902e-12,0.0
DTXSID1047283,2387,0.831012963720711,0.0
DTXSID1047285,2387,1.2854123395684447e-10,0.0
DTXSID1047287,2387,,
DTXSID1047289,2387,0.0,0.0
DTXSID1047310,2387,0.0,0.0
DTXSID1047312,2387,0.9999999999913285,1.0
DTXSID1047316,2387,0.22442696404314647,0.0
DTXSID1047318,2387,1.2098344217126892e-05,0.0
DTXSID1047360,2387,0.2204869274505972,0.0
DTXSID1047362,2387,0.0,0.0
DTXSID1047364,2387,0.9999874933741663,1.0
DTXSID1047366,2387,0.02574983969295189,0.0
DTXSID1047368,2387,0.00023113175285091294,0.0
DTXSID1047497,2387,0.03137678528703129,0.0
DTXSID1047526,2387,,
DTXSID1047528,2387,2.3602632352996303e-10,0.0
DTXSID1047576,2387,1.105591388202947e-07,0.0
DTXSID1048122,2387,1.089342908618743e-06,0.0
DTXSID1048170,2387,5.928590928837355e-17,0.0
DTXSID1048172,2387,0.0,0.0
DTXSID1048174,2387,0.0,0.0
DTXSID1048176,2387,7.121004376483705e-14,0.0
DTXSID1048178,2387,1.1169921821008623e-07,0.0
DTXSID1048201,2387,,
DTXSID1048203,2387,0.0,0.0
DTXSID1048207,2387,0.00027059501594867803,0.0
DTXSID1048209,2387,0.0,0.0
DTXSID2020006,2387,,
DTXSID2020137,2387,3.3219189325806786e-09,0.0
DTXSID2020189,2387,,
DTXSID2020212,2387,0.9995999516445219,1.0
DTXSID2020216,2387,0.06920676817523315,0.0
DTXSID2020262,2387,0.0,0.0
DTXSID2020268,2387,7.118096383490094e-14,0.0
DTXSID2020347,2387,0.002746170100657688,0.0
DTXSID2020420,2387,0.0,0.0
DTXSID2020426,2387,0.0,0.0
DTXSID2020428,2387,0.0,0.0
DTXSID2020501,2387,0.05073505492053593,0.0
DTXSID2020505,2387,,
DTXSID2020507,2387,0.0,0.0
DTXSID2020634,2387,9.91139260370566e-11,0.0
DTXSID2020686,2387,0.0,0.0
DTXSID2020688,2387,0.0,0.0
DTXSID2020713,2387,0.0,0.0
DTXSID2020890,2387,0.41864865770757537,0.0
DTXSID2020894,2387,0.0,0.0
DTXSID2020921,2387,,
DTXSID2020929,2387,,
DTXSID2021026,2387,5.835181338506051e-10,0.0
DTXSID2021028,2387,2.380450067543951e-16,0.0
DTXSID2021103,2387,0.0,0.0
DTXSID2021105,2387,0.0,0.0
DTXSID2021151,2387,0.99996932798276,1.0
DTXSID2021234,2387,1.2052635508848076e-10,0.0
DTXSID2021238,2387,1.3656555103099665e-10,0.0
DTXSID2021286,2387,0.0,0.0
DTXSID2021288,2387,0.0,0.0
DTXSID2021311,2387,0.0,0.0
DTXSID2021440,2387,0.0,0.0
DTXSID2021575,2387,1.8585909876222095e-14,0.0
DTXSID2021600,2387,0.0,0.0
DTXSID2021602,2387,0.0,0.0
DTXSID2021735,2387,0.0,0.0
DTXSID2021739,2387,,
DTXSID2021781,2387,0.0,0.0
DTXSID2021864,2387,0.0,0.0
DTXSID2021866,2387,0.003139038824668489,0.0
DTXSID2021941,2387,9.9259621705198e-05,0.0
DTXSID2021943,2387,0.0007484954082334393,0.0
DTXSID2021947,2387,0.9995436007764782,1.0
DTXSID2021993,2387,0.0,0.0
DTXSID2021995,2387,1.6922602020964955e-05,0.0
DTXSID2021997,2387,,
DTXSID2022048,2387,0.0,0.0
DTXSID2022123,2387,0.0,0.0
DTXSID2022171,2387,5.814338169899694e-11,0.0
DTXSID2022179,2387,0.0,0.0
DTXSID2022254,2387,,
DTXSID2022331,2387,6.428325242393466e-09,0.0
DTXSID2022333,2387,0.0,0.0
DTXSID2022381,2387,0.9091649147713976,1.0
DTXSID2022628,2387,8.204929550875953e-11,0.0
DTXSID2022678,2387,0.9998315689874654,1.0
DTXSID2023193,2387,,
DTXSID2023430,2387,0.0,0.0
DTXSID2023723,2387,0.0,0.0
DTXSID2024086,2387,,
DTXSID2024163,2387,6.856497219349697e-05,0.0
DTXSID2024242,2387,1.3127385066900302e-06,0.0
DTXSID2024662,2387,0.9999999997209611,1.0
DTXSID2024664,2387,0.0013646320174537084,0.0
DTXSID2024666,2387,,
DTXSID2024793,2387,0.0,0.0
DTXSID2024955,2387,0.0,0.0
DTXSID2025050,2387,0.11088492456563462,0.0
DTXSID2025133,2387,0.0,0.0
DTXSID2025135,2387,7.607324036941636e-14,0.0
DTXSID2025216,2387,0.0,0.0
DTXSID2025347,2387,0.0,0.0
DTXSID2025395,2387,1.9976147350209883e-09,0.0
DTXSID2025478,2387,0.0,0.0
DTXSID2025505,2387,8.286327325890644e-10,0.0
DTXSID2025680,2387,0.026235474577601454,0.0
DTXSID2025688,2387,0.0,0.0
DTXSID2025892,2387,,
DTXSID2026076,2387,0.00020920542243799188,0.0
DTXSID2026238,2387,0.0,0.0
DTXSID2026446,2387,0.0,0.0
DTXSID2026496,2387,,
DTXSID2026523,2387,1.8250877705833003e-06,0.0
DTXSID2026525,2387,0.9999929983605342,1.0
DTXSID2026529,2387,0.9997657267449762,1.0
DTXSID2026602,2387,0.9993493219087339,1.0
DTXSID2026781,2387,,
DTXSID2026789,2387,0.0,0.0
DTXSID2026864,2387,0.0,0.0
DTXSID2026943,2387,0.0,0.0
DTXSID2026997,2387,0.0,0.0
DTXSID2027094,2387,0.0004681982540035214,0.0
DTXSID2027200,2387,,
DTXSID2027204,2387,0.0,0.0
DTXSID2027258,2387,1.1770026386364738e-15,0.0
DTXSID2027333,2387,0.0,0.0
DTXSID2027412,2387,3.1312276859381875e-16,0.0
DTXSID2027414,2387,0.0,0.0
DTXSID2027466,2387,0.0,0.0
DTXSID2027593,2387,0.0,0.0
DTXSID2027963,2387,1.3160382188921288e-14,0.0
DTXSID2029167,2387,0.0,0.0
DTXSID2029246,2387,0.0,0.0
DTXSID2029290,2387,0.0,0.0
DTXSID2029298,2387,1.9005288039694021e-16,0.0
DTXSID2029325,2387,0.0,0.0
DTXSID2029329,2387,0.014554858055046093,0.0
DTXSID2029612,2387,0.0,0.0
DTXSID2029616,2387,0.0003607124443721509,0.0
DTXSID2029874,2387,0.0,0.0
DTXSID2032344,2387,,
DTXSID2032348,2387,1.0525836228793658e-19,0.0
DTXSID2032390,2387,5.520759655851422e-13,0.0
DTXSID2032392,2387,0.0,0.0
DTXSID2032398,2387,0.7420807719077119,0.0
DTXSID2032500,2387,0.9923837956630772,1.0
DTXSID2032550,2387,0.0,0.0
DTXSID2032552,2387,0.0,0.0
DTXSID2032554,2387,3.5173956922161277e-10,0.0
DTXSID2032556,2387,0.003999780599774463,0.0
DTXSID2032558,2387,0.0,0.0
DTXSID2032637,2387,,
DTXSID2032639,2387,0.0,0.0
DTXSID2032683,2387,0.005667028744544618,0.0
DTXSID2034255,2387,0.0,0.0
DTXSID2034338,2387,0.0,0.0
DTXSID2034465,2387,0.0,0.0
DTXSID2034542,2387,2.1070451840288556e-17,0.0
DTXSID2034590,2387,0.0,0.0
DTXSID2034598,2387,0.0006460386801613295,0.0
DTXSID2034625,2387,0.0,0.0
DTXSID2034627,2387,0.0009094098045822387,0.0
DTXSID2034673,2387,0.0,0.0
DTXSID2034700,2387,,
DTXSID2034881,2387,0.004104773897077849,0.0
DTXSID2034885,2387,0.0,0.0
DTXSID2034962,2387,0.0,0.0
DTXSID2036112,2387,0.9991361110544899,1.0
DTXSID2036299,2387,,
DTXSID2036588,2387,0.028433370285851918,0.0
DTXSID2037712,2387,0.9999999851447315,1.0
DTXSID2037714,2387,0.9993891540693882,1.0
DTXSID2038732,2387,0.19279140773350853,0.0
DTXSID2038788,2387,,
DTXSID2039336,2387,3.5290446839217045e-05,0.0
DTXSID2040151,2387,3.2081632916232985e-06,0.0
DTXSID2040361,2387,0.0,0.0
DTXSID2040363,2387,0.9998658542431704,1.0
DTXSID2040731,2387,0.0,0.0
DTXSID2041125,2387,0.0,0.0
DTXSID2041200,2387,0.0,0.0
DTXSID2041208,2387,0.029689437991671296,0.0
DTXSID2041250,2387,0.0,0.0
DTXSID2041252,2387,2.2784144343603883e-05,0.0
DTXSID2041389,2387,1.212584372994462e-09,0.0
DTXSID2041703,2387,0.0,0.0
DTXSID2041709,2387,0.0,0.0
DTXSID2042060,2387,1.5294775514066288e-12,0.0
DTXSID2042062,2387,,
DTXSID2042191,2387,0.0,0.0
DTXSID2042220,2387,0.0,0.0
DTXSID2042276,2387,1.065450579718262e-13,0.0
DTXSID2042436,2387,,
DTXSID2044391,2387,0.0,0.0
DTXSID2044553,2387,0.0,0.0
DTXSID2044713,2387,1.8257393545342717e-08,0.0
DTXSID2045232,2387,0.0,0.0
DTXSID2047270,2387,0.0,0.0
DTXSID2047272,2387,0.0,0.0
DTXSID2047274,2387,0.0,0.0
DTXSID2047276,2387,1.0987809818377176e-13,0.0
DTXSID2047278,2387,0.0,0.0
DTXSID2047301,2387,5.417415529637077e-10,0.0
DTXSID2047303,2387,0.008880247679560667,0.0
DTXSID2047305,2387,0.0008955353636768023,0.0
DTXSID2047307,2387,0.0,0.0
DTXSID2047309,2387,0.028023826674318037,0.0
DTXSID2047351,2387,0.0,0.0
DTXSID2047355,2387,,
DTXSID2047357,2387,0.0,0.0
DTXSID2047359,2387,0.0,0.0
DTXSID2047517,2387,,
DTXSID2047565,2387,0.0,0.0
DTXSID2047696,2387,0.0,0.0
DTXSID2048167,2387,,
DTXSID2052447,2387,,
DTXSID3020043,2387,0.0,0.0
DTXSID3020047,2387,,
DTXSID3020091,2387,0.0,0.0
DTXSID3020093,2387,0.000796000109400226,0.0
DTXSID3020122,2387,1.7028059466825047e-10,0.0
DTXSID3020205,2387,4.52262892785731e-08,0.0
DTXSID3020207,2387,0.0,0.0
DTXSID3020209,2387,0.47472457367601417,0.0
DTXSID3020257,2387,4.449500836499798e-09,0.0
DTXSID3020332,2387,0.0,0.0
DTXSID3020336,2387,0.0,0.0
DTXSID3020384,2387,1.8606730778577338e-05,0.0
DTXSID3020415,2387,0.0,0.0
DTXSID3020465,2387,1.258228125593533e-13,0.0
DTXSID3020621,2387,0.0,0.0
DTXSID3020625,2387,2.640540861769767e-10,0.0
DTXSID3020627,2387,0.0,0.0
DTXSID3020671,2387,0.0,0.0
DTXSID3020673,2387,0.0,0.0
DTXSID3020679,2387,0.785951692918524,0.0
DTXSID3020881,2387,1.649980215709833e-15,0.0
DTXSID3020887,2387,0.0,0.0
DTXSID3020889,2387,0.0,0.0
DTXSID3020910,2387,0.0,0.0
DTXSID3020916,2387,0.0,0.0
DTXSID3020964,2387,2.4408988278590947e-11,0.0
DTXSID3020966,2387,0.0,0.0
DTXSID3021196,2387,0.0,0.0
DTXSID3021277,2387,,
DTXSID3021356,2387,0.0,0.0
DTXSID3021358,2387,3.3261523949921034e-08,0.0
DTXSID3021483,2387,0.0,0.0
DTXSID3021485,2387,3.871700189542434e-11,0.0
DTXSID3021516,2387,0.0,0.0
DTXSID3021518,2387,0.0,0.0
DTXSID3021641,2387,0.0,0.0
DTXSID3021643,2387,0.0,0.0
DTXSID3021645,2387,0.0,0.0
DTXSID3021726,2387,0.0,0.0
DTXSID3021770,2387,0.33434148101742134,0.0
DTXSID3021774,2387,0.0,0.0
DTXSID3021807,2387,0.0,0.0
DTXSID3021853,2387,0.0,0.0
DTXSID3021932,2387,5.0095647754927505e-06,0.0
DTXSID3021936,2387,5.397164062187082e-15,0.0
DTXSID3021980,2387,0.0011466406889502135,0.0
DTXSID3021984,2387,0.9812298241463264,1.0
DTXSID3021986,2387,3.6185809747428153e-16,0.0
DTXSID3022162,2387,,
DTXSID3022247,2387,0.9998092502318799,1.0
DTXSID3022320,2387,5.257426961692497e-08,0.0
DTXSID3022370,2387,0.9999999999990165,1.0
DTXSID3022405,2387,,
DTXSID3022409,2387,0.0,0.0
DTXSID3022455,2387,0.0,0.0
DTXSID3022536,2387,0.9999999912041674,1.0
DTXSID3022588,2387,,
DTXSID3023556,2387,3.328706987209657e-07,0.0
DTXSID3023764,2387,0.0,0.0
DTXSID3023845,2387,0.0,0.0
DTXSID3023897,2387,4.841795669234807e-18,0.0
DTXSID3023899,2387,,
DTXSID3024102,2387,1.124489010930954e-11,0.0
DTXSID3024104,2387,2.8200708484873617e-09,0.0
DTXSID3024152,2387,,
DTXSID3024154,2387,0.0,0.0
DTXSID3024235,2387,0.7071281674092396,0.0
DTXSID3024239,2387,0.0,0.0
DTXSID3024287,2387,0.0,0.0
DTXSID3024289,2387,0.0,0.0
DTXSID3024316,2387,3.2077990032329544e-11,0.0
DTXSID3024364,2387,9.518683584207648e-13,0.0
DTXSID3024368,2387,0.0,0.0
DTXSID3024528,2387,0.0,0.0
DTXSID3024657,2387,0.0,0.0
DTXSID3024869,2387,,
DTXSID3024940,2387,,
DTXSID3024944,2387,0.99996341936947,1.0
DTXSID3024994,2387,0.0,0.0
DTXSID3025049,2387,0.0,0.0
DTXSID3025091,2387,,
DTXSID3025122,2387,0.001729966711566288,0.0
DTXSID3025178,2387,0.0,0.0
DTXSID3025253,2387,0.0,0.0
DTXSID3025469,2387,0.019985782398696344,0.0
DTXSID3025881,2387,,
DTXSID3026065,2387,0.0,0.0
DTXSID3026223,2387,0.0,0.0
DTXSID3026302,2387,,
DTXSID3026514,2387,0.0,0.0
DTXSID3026564,2387,0.19761285067943182,0.0
DTXSID3026566,2387,0.0,0.0
DTXSID3026641,2387,0.0,0.0
DTXSID3026645,2387,7.247781093332399e-10,0.0
DTXSID3026647,2387,0.0,0.0
DTXSID3026691,2387,0.0,0.0
DTXSID3026697,2387,0.0,0.0
DTXSID3026726,2387,0.0,0.0
DTXSID3026728,2387,5.3422758754009646e-05,0.0
DTXSID3027320,2387,6.4722078037204406e-06,0.0
DTXSID3027403,2387,0.999997589037219,1.0
DTXSID3027746,2387,0.0,0.0
DTXSID3027875,2387,2.0444417489921966e-05,0.0
DTXSID3027877,2387,0.999429856416925,1.0
DTXSID3029154,2387,0.0,0.0
DTXSID3029289,2387,0.0,0.0
DTXSID3029572,2387,0.08476753487163138,0.0
DTXSID3029653,2387,0.0,0.0
DTXSID3030636,2387,0.9958677446493032,1.0
DTXSID3031860,2387,0.0,0.0
DTXSID3031862,2387,3.0883660563142603e-11,0.0
DTXSID3031864,2387,0.0,0.0
DTXSID3032337,2387,0.010489276549481931,0.0
DTXSID3032389,2387,0.001036453881907156,0.0
DTXSID3032412,2387,0.0,0.0
DTXSID3032416,2387,0.0,0.0
DTXSID3032464,2387,0.0,0.0
DTXSID3032547,2387,2.3434249237992877e-10,0.0
DTXSID3032549,2387,2.332024696239215e-15,0.0
DTXSID3032591,2387,,
DTXSID3032620,2387,4.518783845817798e-08,0.0
DTXSID3032626,2387,0.9992693402076218,1.0
DTXSID3032628,2387,0.0,0.0
DTXSID3032670,2387,3.9931933252445136e-16,0.0
DTXSID3034113,2387,1.0,1.0
DTXSID3034165,2387,0.9999626322609326,1.0
DTXSID3034402,2387,0.0,0.0
DTXSID3034456,2387,7.115979478507388e-14,0.0
DTXSID3034458,2387,1.1910117247847691e-13,0.0
DTXSID3034531,2387,0.0003770316418302319,0.0
DTXSID3034583,2387,0.016579276767524125,0.0
DTXSID3034612,2387,0.0030476852644791903,0.0
DTXSID3034614,2387,5.134695754219699e-07,0.0
DTXSID3034618,2387,0.0004884668096823269,0.0
DTXSID3034664,2387,0.0,0.0
DTXSID3034799,2387,9.471546422777664e-12,0.0
DTXSID3034872,2387,0.0,0.0
DTXSID3035214,2387,0.0,0.0
DTXSID3035341,2387,0.0,0.0
DTXSID3036105,2387,,
DTXSID3036286,2387,0.0,0.0
DTXSID3036288,2387,2.233069769722163e-12,0.0
DTXSID3036496,2387,0.9999999999999556,1.0
DTXSID3037094,2387,0.9912347483380589,1.0
DTXSID3037208,2387,0.007035522337791101,0.0
DTXSID3037541,2387,3.390587114605594e-06,0.0
DTXSID3037707,2387,0.0,0.0
DTXSID3037709,2387,0.0,0.0
DTXSID3038696,2387,,
DTXSID3038808,2387,7.129039924743797e-07,0.0
DTXSID3038939,2387,0.9999998166228736,1.0
DTXSID3040352,2387,0.0,0.0
DTXSID3040722,2387,0.9935953315069166,1.0
DTXSID3040776,2387,0.0,0.0
DTXSID3041035,2387,0.0,0.0
DTXSID3041247,2387,0.0,0.0
DTXSID3041293,2387,1.18156423489985e-05,0.0
DTXSID3041299,2387,,
DTXSID3041376,2387,0.0,0.0
DTXSID3041409,2387,7.406193908097463e-10,0.0
DTXSID3041530,2387,0.0,0.0
DTXSID3041611,2387,8.959003519582812e-06,0.0
DTXSID3041661,2387,5.831910356666763e-06,0.0
DTXSID3041663,2387,3.0839634571627735e-05,0.0
DTXSID3041790,2387,4.101105548047721e-11,0.0
DTXSID3041794,2387,,
DTXSID3041877,2387,0.0,0.0
DTXSID3041954,2387,0.0,0.0
DTXSID3042007,2387,0.0010911361586390565,0.0
DTXSID3042059,2387,5.141817863821726e-09,0.0
DTXSID3042130,2387,0.3876873152559273,0.0
DTXSID3042219,2387,0.0,0.0
DTXSID3042390,2387,0.005340597667788727,0.0
DTXSID3042394,2387,0.0,0.0
DTXSID3042423,2387,0.0,0.0
DTXSID3044203,2387,0.0,0.0
DTXSID3044833,2387,4.580074602104593e-10,0.0
DTXSID3047138,2387,0.0,0.0
DTXSID3047180,2387,0.0,0.0
DTXSID3047261,2387,0.0,0.0
DTXSID3047263,2387,0.0019779243025510465,0.0
DTXSID3047265,2387,,
DTXSID3047267,2387,0.0,0.0
DTXSID3047342,2387,0.9996499689817226,1.0
DTXSID3047344,2387,3.2048084935108495e-10,0.0
DTXSID3047346,2387,0.0,0.0
DTXSID3047348,2387,0.9997494535522463,1.0
DTXSID3047394,2387,0.012677066669148777,0.0
DTXSID3047425,2387,0.9992491891972112,1.0
DTXSID3047429,2387,0.0,0.0
DTXSID3047473,2387,0.0,0.0
DTXSID3047477,2387,1.0,1.0
DTXSID3047558,2387,0.0,0.0
DTXSID3047633,2387,1.6822555846581728e-06,0.0
DTXSID3047712,2387,0.0,0.0
DTXSID3048520,2387,1.225953263762557e-10,0.0
DTXSID3048522,2387,0.05569796453458801,0.0
DTXSID30865801,2387,0.0,0.0
DTXSID4020119,2387,,
DTXSID4020161,2387,0.0,0.0
DTXSID4020240,2387,,
DTXSID4020242,2387,0.9995311902502517,1.0
DTXSID4020248,2387,2.4464317810485663e-06,0.0
DTXSID4020290,2387,,
DTXSID4020292,2387,5.316883760756367e-10,0.0
DTXSID4020371,2387,3.6048116698072995e-11,0.0
DTXSID4020373,2387,2.721578382644478e-16,0.0
DTXSID4020375,2387,1.1727401878069728e-08,0.0
DTXSID4020379,2387,1.3724201444447217e-12,0.0
DTXSID4020402,2387,0.0,0.0
DTXSID4020450,2387,0.45023527182984663,0.0
DTXSID4020458,2387,0.0,0.0
DTXSID4020537,2387,0.0,0.0
DTXSID4020616,2387,,
DTXSID4020618,2387,0.0,0.0
DTXSID4020664,2387,0.0,0.0
DTXSID4020666,2387,0.04646422002904764,0.0
DTXSID4020791,2387,0.0,0.0
DTXSID4020820,2387,0.6340430114610669,0.0
DTXSID4020822,2387,0.0,0.0
DTXSID4020828,2387,,
DTXSID4020870,2387,0.9813738139151872,1.0
DTXSID4020959,2387,0.0,0.0
DTXSID4021006,2387,0.0,0.0
DTXSID4021056,2387,0.0,0.0
DTXSID4021135,2387,0.00827694046284802,0.0
DTXSID4021137,2387,0.0,0.0
DTXSID4021185,2387,4.1392007723794167e-10,0.0
DTXSID4021218,2387,,
DTXSID4021268,2387,0.012424772373181134,0.0
DTXSID4021391,2387,9.425590011321434e-05,0.0
DTXSID4021393,2387,0.0,0.0
DTXSID4021395,2387,0.0,0.0
DTXSID4021426,2387,3.946843416152146e-14,0.0
DTXSID4021553,2387,0.0,0.0
DTXSID4021717,2387,0.00042609739183231124,0.0
DTXSID4021842,2387,0.0,0.0
DTXSID4021848,2387,0.0,0.0
DTXSID4021892,2387,2.0304377455466903e-08,0.0
DTXSID4021894,2387,2.8505945712773467e-08,0.0
DTXSID4021921,2387,2.724312305426707e-06,0.0
DTXSID4021975,2387,0.8193172389421156,0.0
DTXSID4021977,2387,0.0,0.0
DTXSID4022020,2387,0.0,0.0
DTXSID4022109,2387,2.27834291697833e-14,0.0
DTXSID4022153,2387,0.9988665963204011,1.0
DTXSID4022288,2387,0.999969985572276,1.0
DTXSID4022313,2387,9.965183723771756e-12,0.0
DTXSID4022361,2387,1.2671467550795136e-07,0.0
DTXSID4022367,2387,0.0,0.0
DTXSID4022369,2387,0.0004749347859316708,0.0
DTXSID4022442,2387,0.9999657529522251,1.0
DTXSID4022446,2387,6.225535902027765e-05,0.0
DTXSID4022448,2387,0.0,0.0
DTXSID4022521,2387,0.0,0.0
DTXSID4022523,2387,0.9546363586240433,1.0
DTXSID4022525,2387,0.9999653858355426,1.0
DTXSID4022527,2387,1.9328870245104186e-10,0.0
DTXSID4022529,2387,0.0,0.0
DTXSID4022731,2387,,
DTXSID4022991,2387,0.0,0.0
DTXSID4023202,2387,0.0,0.0
DTXSID4023412,2387,6.81032903439855e-14,0.0
DTXSID4023541,2387,0.0,0.0
DTXSID4024018,2387,0.0,0.0
DTXSID4024062,2387,0.0,0.0
DTXSID4024066,2387,1.7024917885567826e-10,0.0
DTXSID4024143,2387,1.9247329832437836e-06,0.0
DTXSID4024145,2387,2.7485716103507387e-11,0.0
DTXSID4024193,2387,0.00031349610658236915,0.0
DTXSID4024195,2387,4.477486840377417e-14,0.0
DTXSID4024270,2387,7.664671613737827e-06,0.0
DTXSID4024272,2387,0.0,0.0
DTXSID4024274,2387,0.0,0.0
DTXSID4024276,2387,5.597343695391052e-11,0.0
DTXSID4024359,2387,3.209712460777921e-09,0.0
DTXSID4024436,2387,0.0,0.0
DTXSID4024721,2387,0.0,0.0
DTXSID4024729,2387,0.0,0.0
DTXSID4024985,2387,,
DTXSID4025080,2387,0.0,0.0
DTXSID4025082,2387,0.0,0.0
DTXSID4025292,2387,,
DTXSID4025296,2387,0.0,0.0
DTXSID4025612,2387,,
DTXSID4025662,2387,0.0,0.0
DTXSID4025791,2387,2.9000385159737064e-07,0.0
DTXSID4025799,2387,3.225110214455459e-14,0.0
DTXSID4026183,2387,1.6909503983784892e-08,0.0
DTXSID4026214,2387,0.0,0.0
DTXSID4026262,2387,,
DTXSID4026501,2387,1.273118918078728e-06,0.0
DTXSID4026684,2387,0.0,0.0
DTXSID4026769,2387,3.079600325874085e-13,0.0
DTXSID4026842,2387,2.9450256563095917e-07,0.0
DTXSID4027072,2387,0.0015082549086312157,0.0
DTXSID4027076,2387,0.0002957400723872811,0.0
DTXSID4027153,2387,0.0,0.0
DTXSID4027236,2387,1.4757282078475477e-07,0.0
DTXSID4027282,2387,0.0,0.0
DTXSID4027367,2387,1.6599447697284736e-07,0.0
DTXSID4027494,2387,3.1746661441873693e-10,0.0
DTXSID4027496,2387,4.18978838607201e-07,0.0
DTXSID4027525,2387,,
DTXSID4027527,2387,1.139228270394815e-11,0.0
DTXSID4027608,2387,0.0,0.0
DTXSID4027650,2387,0.0,0.0
DTXSID4027656,2387,0.0,0.0
DTXSID4027866,2387,3.07254277813862e-11,0.0
DTXSID4027868,2387,0.0,0.0
DTXSID4027991,2387,0.0,0.0
DTXSID4027997,2387,0.0018579396850105206,0.0
DTXSID4028880,2387,0.0,0.0
DTXSID4029145,2387,0.0,0.0
DTXSID4029353,2387,0.0,0.0
DTXSID4029565,2387,0.0,0.0
DTXSID4029692,2387,0.0,0.0
DTXSID4029698,2387,1.6973176965697442e-10,0.0
DTXSID4031980,2387,0.0,0.0
DTXSID4032372,2387,2.862796149098766e-14,0.0
DTXSID4032376,2387,0.0,0.0
DTXSID4032405,2387,0.0,0.0
DTXSID4032459,2387,0.0,0.0
DTXSID4032532,2387,,
DTXSID4032580,2387,0.0,0.0
DTXSID4032611,2387,4.159994065610735e-09,0.0
DTXSID4032613,2387,2.3172621814573903e-06,0.0
DTXSID4032615,2387,,
DTXSID4032619,2387,0.0,0.0
DTXSID4032667,2387,0.05874631730933545,0.0
DTXSID4034150,2387,0.0,0.0
DTXSID4034287,2387,1.836502140845718e-14,0.0
DTXSID4034497,2387,0.9999269952882798,1.0
DTXSID4034528,2387,1.832590481055686e-10,0.0
DTXSID4034576,2387,0.0021188159606139313,0.0
DTXSID4034601,2387,0.0,0.0
DTXSID4034609,2387,0.0,0.0
DTXSID4034653,2387,0.9998758378715211,1.0
DTXSID4034788,2387,0.0,0.0
DTXSID4034869,2387,0.0,0.0
DTXSID4034948,2387,0.0,0.0
DTXSID4035708,2387,0.9915322968410173,1.0
DTXSID4036229,2387,,
DTXSID4036435,2387,0.0,0.0
DTXSID4038924,2387,0.0012437292221301477,0.0
DTXSID4040002,2387,0.0,0.0
DTXSID4040343,2387,0.0,0.0
DTXSID4040711,2387,0.0,0.0
DTXSID4040713,2387,0.9267703537629147,1.0
DTXSID4041232,2387,0.0,0.0
DTXSID4041440,2387,,
DTXSID4041442,2387,2.1843629097271306e-06,0.0
DTXSID4041492,2387,0.0005257234994090144,0.0
DTXSID4041521,2387,0.0,0.0
DTXSID4041604,2387,0.0,0.0
DTXSID4041818,2387,0.0,0.0
DTXSID4041991,2387,1.4346766079567606e-10,0.0
DTXSID4042094,2387,0.9999534331746369,1.0
DTXSID4042096,2387,0.0,0.0
DTXSID4042121,2387,0.0013234812642976446,0.0
DTXSID4042171,2387,0.06539085104898491,0.0
DTXSID4042206,2387,,
DTXSID4042335,2387,5.101429159123282e-12,0.0
DTXSID4042416,2387,,
DTXSID4042418,2387,,
DTXSID4044537,2387,0.0,0.0
DTXSID4044581,2387,0.8848955287212775,0.0
DTXSID4044828,2387,,
DTXSID4044901,2387,0.0,0.0
DTXSID4047127,2387,0.0,0.0
DTXSID4047252,2387,0.9956906287211429,1.0
DTXSID4047254,2387,0.0,0.0
DTXSID4047258,2387,0.0,0.0
DTXSID4047331,2387,0.011659568538376321,0.0
DTXSID4047333,2387,0.31106683617203557,0.0
DTXSID4047335,2387,8.904265583416466e-14,0.0
DTXSID4047337,2387,0.0,0.0
DTXSID4047339,2387,0.004797438899006973,0.0
DTXSID4047381,2387,0.9999289220838136,1.0
DTXSID4047383,2387,0.18790620319048262,0.0
DTXSID4047385,2387,0.0,0.0
DTXSID4047387,2387,5.392273547643791e-06,0.0
DTXSID4047389,2387,0.98940990983077,1.0
DTXSID4047597,2387,3.5821285747298373e-09,0.0
DTXSID4047628,2387,0.0,0.0
DTXSID4047882,2387,7.323448623880374e-09,0.0
DTXSID4048191,2387,1.6049775472844747e-13,0.0
DTXSID4048193,2387,,
DTXSID4048195,2387,0.9999999996052077,1.0
DTXSID4048199,2387,0.0,0.0
DTXSID4048511,2387,0.9832365949562484,1.0
DTXSID4048513,2387,0.9724748512444547,1.0
DTXSID4048519,2387,2.8958161959975705e-09,0.0
DTXSID5020027,2387,,
DTXSID5020029,2387,0.0,0.0
DTXSID5020106,2387,1.239904622037403e-09,0.0
DTXSID5020108,2387,0.0,0.0
DTXSID5020152,2387,,
DTXSID5020154,2387,0.9985865369538992,1.0
DTXSID5020233,2387,5.062813180254595e-07,0.0
DTXSID5020281,2387,1.4113173582673694e-10,0.0
DTXSID5020283,2387,2.312823889754175e-05,0.0
DTXSID5020366,2387,0.9999999999999785,1.0
DTXSID5020443,2387,0.0,0.0
DTXSID5020449,2387,0.0,0.0
DTXSID5020493,2387,,
DTXSID5020499,2387,0.0,0.0
DTXSID5020528,2387,,
DTXSID5020570,2387,2.2733608441944304e-11,0.0
DTXSID5020576,2387,0.0,0.0
DTXSID5020601,2387,0.0,0.0
DTXSID5020603,2387,0.9915193502221473,1.0
DTXSID5020605,2387,0.0,0.0
DTXSID5020607,2387,0.0,0.0
DTXSID5020653,2387,0.9999999885230478,1.0
DTXSID5020730,2387,,
DTXSID5020784,2387,0.0,0.0
DTXSID5020811,2387,0.9990919019149923,1.0
DTXSID5020819,2387,2.4116471186356463e-10,0.0
DTXSID5020863,2387,0.007352511119056688,0.0
DTXSID5020867,2387,0.0,0.0
DTXSID5020869,2387,0.0,0.0
DTXSID5020944,2387,0.0,0.0
DTXSID5021097,2387,,
DTXSID5021124,2387,1.9502500460843336e-13,0.0
DTXSID5021126,2387,0.00019180728754790175,0.0
DTXSID5021201,2387,0.0,0.0
DTXSID5021209,2387,,
DTXSID5021251,2387,4.6829145738077576e-08,0.0
DTXSID5021332,2387,0.014799454831066094,0.0
DTXSID5021336,2387,,
DTXSID5021386,2387,0.0,0.0
DTXSID5021388,2387,0.0,0.0
DTXSID5021411,2387,0.0,0.0
DTXSID5021413,2387,0.0,0.0
DTXSID5021415,2387,2.532882121340913e-13,0.0
DTXSID5021419,2387,4.799403485862606e-08,0.0
DTXSID5021544,2387,0.0,0.0
DTXSID5021590,2387,1.1678724449208638e-15,0.0
DTXSID5021754,2387,,
DTXSID5021758,2387,6.678382201740042e-14,0.0
DTXSID5021831,2387,0.0,0.0
DTXSID5021837,2387,8.09156861114595e-18,0.0
DTXSID5021839,2387,0.0,0.0
DTXSID5021885,2387,0.0,0.0
DTXSID5021914,2387,0.0,0.0
DTXSID5021916,2387,,
DTXSID5021968,2387,0.0,0.0
DTXSID5022308,2387,0.0,0.0
DTXSID5022437,2387,0.0,0.0
DTXSID5022439,2387,,
DTXSID5022489,2387,0.0,0.0
DTXSID5022510,2387,5.2840438870609816e-12,0.0
DTXSID5022934,2387,0.0,0.0
DTXSID5023322,2387,1.5937598225056473e-07,0.0
DTXSID5023588,2387,0.0,0.0
DTXSID5023742,2387,,
DTXSID5023792,2387,0.0,0.0
DTXSID5023796,2387,0.0,0.0
DTXSID5023825,2387,0.0,0.0
DTXSID5023871,2387,,
DTXSID5023875,2387,0.0,0.0
DTXSID5023877,2387,0.0,0.0
DTXSID5023900,2387,0.01620915716945841,0.0
DTXSID5023902,2387,,
DTXSID5023950,2387,0.0,0.0
DTXSID5024051,2387,0.0,0.0
DTXSID5024055,2387,,
DTXSID5024057,2387,0.0,0.0
DTXSID5024059,2387,0.0,0.0
DTXSID5024134,2387,0.0285620850233918,0.0
DTXSID5024182,2387,,
DTXSID5024211,2387,0.0,0.0
DTXSID5024261,2387,1.0963451394894908e-10,0.0
DTXSID5024263,2387,0.0,0.0
DTXSID5024344,2387,0.00041613581256784123,0.0
DTXSID5024394,2387,0.0,0.0
DTXSID5024681,2387,0.0,0.0
DTXSID5024845,2387,0.4597493941233655,0.0
DTXSID5024891,2387,0.0,0.0
DTXSID5024922,2387,0.0,0.0
DTXSID5025021,2387,0.0,0.0
DTXSID5025023,2387,0.0,0.0
DTXSID5025102,2387,2.0198424234163884e-10,0.0
DTXSID5025152,2387,1.100324513645984e-06,0.0
DTXSID5025607,2387,,
DTXSID5025659,2387,0.0007854255019551447,0.0
DTXSID5026178,2387,6.845457756815906e-10,0.0
DTXSID5026251,2387,,
DTXSID5026259,2387,,
DTXSID5026461,2387,0.0,0.0
DTXSID5026548,2387,0.0,0.0
DTXSID5026623,2387,0.0,0.0
DTXSID5026706,2387,0.0,0.0
DTXSID5026889,2387,0.0,0.0
DTXSID5026912,2387,0.0,0.0
DTXSID5026918,2387,0.6166709488245704,0.0
DTXSID5027061,2387,0.010359442681130133,0.0
DTXSID5027142,2387,0.0,0.0
DTXSID5027198,2387,0.0,0.0
DTXSID5027304,2387,0.0,0.0
DTXSID5027356,2387,6.484343020889812e-17,0.0
DTXSID5027433,2387,0.00038810138051054946,0.0
DTXSID5027770,2387,0.0,0.0
DTXSID5027774,2387,0.0,0.0
DTXSID5027932,2387,0.9828839204884992,1.0
DTXSID5027982,2387,0.0,0.0
DTXSID5028033,2387,5.664866196754784e-13,0.0
DTXSID5028665,2387,,
DTXSID5029055,2387,0.9999999666942041,1.0
DTXSID5029217,2387,0.0,0.0
DTXSID5030030,2387,0.0,0.0
DTXSID5031131,2387,0.0,0.0
DTXSID5032315,2387,0.9602433557137463,1.0
DTXSID5032361,2387,5.3705958573379726e-11,0.0
DTXSID5032365,2387,,
DTXSID5032442,2387,2.5278004786819656e-08,0.0
DTXSID5032498,2387,0.9999988510427025,1.0
DTXSID5032523,2387,0.0039621335176621515,0.0
DTXSID5032525,2387,0.0,0.0
DTXSID5032573,2387,4.674072112480516e-10,0.0
DTXSID5032577,2387,0.0,0.0
DTXSID5032579,2387,0.0,0.0
DTXSID5032600,2387,0.00017980734627182047,0.0
DTXSID5032654,2387,8.57378134001102e-09,0.0
DTXSID5033836,2387,0.30167678869511144,0.0
DTXSID5034270,2387,2.8555056831282573e-08,0.0
DTXSID5034303,2387,0.9998202325817185,1.0
DTXSID5034357,2387,0.0,0.0
DTXSID5034723,2387,0.0,0.0
DTXSID5034773,2387,4.535061761646872e-12,0.0
DTXSID5034981,2387,0.989305635107893,1.0
DTXSID5035589,2387,0.9994250214760072,1.0
DTXSID5035616,2387,,
DTXSID5035957,2387,0.0,0.0
DTXSID5037028,2387,0.9975377364552298,1.0
DTXSID5037494,2387,0.0,0.0
DTXSID5037523,2387,1.1157899304610077e-07,0.0
DTXSID5038830,2387,0.0,0.0
DTXSID5038888,2387,0.0,0.0
DTXSID5040700,2387,3.235410370501473e-12,0.0
DTXSID5040708,2387,0.7909759077748034,0.0
DTXSID5041273,2387,0.0,0.0
DTXSID5041275,2387,3.932596058379405e-09,0.0
DTXSID5041302,2387,0.0,0.0
DTXSID5041306,2387,8.651861088601726e-06,0.0
DTXSID5041487,2387,1.8132060297778427e-05,0.0
DTXSID5041512,2387,3.0366753110195714e-05,0.0
DTXSID5041514,2387,1.6338354551872693e-16,0.0
DTXSID5041516,2387,,
DTXSID5041641,2387,0.0,0.0
DTXSID5041643,2387,0.0,0.0
DTXSID5041691,2387,0.0,0.0
DTXSID5041726,2387,6.601537998760483e-05,0.0
DTXSID5041728,2387,0.0,0.0
DTXSID5042243,2387,6.5420100338110686e-09,0.0
DTXSID5042299,2387,0.0,0.0
DTXSID5044443,2387,0.0,0.0
DTXSID5044493,2387,0.0,0.0
DTXSID5044570,2387,,
DTXSID5044572,2387,1.59880882268467e-18,0.0
DTXSID5044576,2387,,
DTXSID5044578,2387,0.0,0.0
DTXSID5044784,2387,0.00036761831096765956,0.0
DTXSID5044788,2387,0.0,0.0
DTXSID5044815,2387,4.669349215043158e-07,0.0
DTXSID5044865,2387,0.9998834561641696,1.0
DTXSID5047033,2387,2.9698790904724346e-06,0.0
DTXSID5047249,2387,0.0,0.0
DTXSID5047291,2387,2.9955032978880223e-12,0.0
DTXSID5047295,2387,0.9046880576318646,1.0
DTXSID5047297,2387,0.023809110200858817,0.0
DTXSID5047299,2387,0.002307440835656628,0.0
DTXSID5047322,2387,0.0,0.0
DTXSID5047324,2387,0.10705199388885149,0.0
DTXSID5047328,2387,0.9928667810287134,1.0
DTXSID5047372,2387,0.0,0.0
DTXSID5047374,2387,1.0607349022846072e-11,0.0
DTXSID5047376,2387,0.0,0.0
DTXSID5047451,2387,0.0,0.0
DTXSID5047538,2387,0.0,0.0
DTXSID5047611,2387,0.0,0.0
DTXSID5047796,2387,1.0222779965324659e-08,0.0
DTXSID5047879,2387,0.19766456512272962,0.0
DTXSID5048180,2387,,
DTXSID5048182,2387,1.8744285799548636e-18,0.0
DTXSID5048184,2387,0.9972568000186883,1.0
DTXSID5048186,2387,0.002145475077269134,0.0
DTXSID5048188,2387,0.0,0.0
DTXSID5048211,2387,,
DTXSID5048506,2387,0.0,0.0
DTXSID5052254,2387,0.0,0.0
DTXSID5052709,2387,0.0,0.0
DTXSID6020014,2387,0.8273299977280161,0.0
DTXSID6020068,2387,2.3390488251019924e-08,0.0
DTXSID6020141,2387,0.0,0.0
DTXSID6020143,2387,0.0,0.0
DTXSID6020147,2387,0.0,0.0
DTXSID6020197,2387,0.0,0.0
DTXSID6020220,2387,0.9999530761560688,1.0
DTXSID6020224,2387,0.0,0.0
DTXSID6020278,2387,0.9999999979549797,1.0
DTXSID6020307,2387,0.0005380683939168245,0.0
DTXSID6020359,2387,0.0,0.0
DTXSID6020430,2387,0.0,0.0
DTXSID6020480,2387,0.0,0.0
DTXSID6020511,2387,2.6318435697175745e-11,0.0
DTXSID6020515,2387,0.0,0.0
DTXSID6020561,2387,,
DTXSID6020692,2387,2.179074975194052e-17,0.0
DTXSID6020779,2387,5.454660935830965e-13,0.0
DTXSID6020856,2387,0.0,0.0
DTXSID6020939,2387,0.0,0.0
DTXSID6021030,2387,0.0,0.0
DTXSID6021032,2387,0.0,0.0
DTXSID6021082,2387,0.0,0.0
DTXSID6021086,2387,0.0,0.0
DTXSID6021113,2387,0.0,0.0
DTXSID6021240,2387,0.0010014408849839433,0.0
DTXSID6021244,2387,0.0,0.0
DTXSID6021248,2387,0.26152215281422375,0.0
DTXSID6021402,2387,0.0,0.0
DTXSID6021456,2387,,
DTXSID6021666,2387,0.0,0.0
DTXSID6021793,2387,1.6412804617977838e-07,0.0
DTXSID6021824,2387,0.9952016286254445,1.0
DTXSID6021828,2387,1.740162792553513e-08,0.0
DTXSID6021872,2387,,
DTXSID6021907,2387,0.0,0.0
DTXSID6021953,2387,0.0,0.0
DTXSID6021957,2387,0.0,0.0
DTXSID6021959,2387,0.0,0.0
DTXSID6022000,2387,,
DTXSID6022008,2387,0.0,0.0
DTXSID6022056,2387,0.0,0.0
DTXSID6022137,2387,0.0,0.0
DTXSID6022187,2387,9.745299058227167e-11,0.0
DTXSID6022341,2387,0.0,0.0
DTXSID6022345,2387,0.0,0.0
DTXSID6022391,2387,0.0,0.0
DTXSID6022422,2387,0.0,0.0
DTXSID6022472,2387,0.0,0.0
DTXSID6022474,2387,0.9997147489330119,1.0
DTXSID6022927,2387,0.0,0.0
DTXSID6023159,2387,,
DTXSID6023523,2387,0.0620590542141404,0.0
DTXSID6023600,2387,0.0,0.0
DTXSID6023602,2387,,
DTXSID6023652,2387,5.89857976554284e-07,0.0
DTXSID6023733,2387,0.0,0.0
DTXSID6023862,2387,0.0,0.0
DTXSID6023868,2387,0.050702326170150566,0.0
DTXSID6023999,2387,6.966736854640399e-07,0.0
DTXSID6024046,2387,0.0,0.0
DTXSID6024048,2387,,
DTXSID6024123,2387,,
DTXSID6024175,2387,2.6553128468414264e-18,0.0
DTXSID6024177,2387,0.0,0.0
DTXSID6024200,2387,1.7443753736599627e-13,0.0
DTXSID6024204,2387,1.529492698614577e-05,0.0
DTXSID6024206,2387,0.0,0.0
DTXSID6024254,2387,0.0,0.0
DTXSID6024337,2387,0.0,0.0
DTXSID6024460,2387,3.7809712265130965e-07,0.0
DTXSID6024466,2387,0.9191651804290992,1.0
DTXSID6024591,2387,3.0321788445731575e-11,0.0
DTXSID6024624,2387,0.5008026076361862,0.0
DTXSID6024676,2387,7.680588685922815e-06,0.0
DTXSID6024834,2387,1.7352837409331416e-08,0.0
DTXSID6024836,2387,0.0,0.0
DTXSID6024882,2387,0.0,0.0
DTXSID6024888,2387,0.0,0.0
DTXSID6024913,2387,0.0,0.0
DTXSID6024917,2387,0.0,0.0
DTXSID6025010,2387,0.0,0.0
DTXSID6025014,2387,2.2392795137226674e-08,0.0
DTXSID6025018,2387,3.0933461623657746e-10,0.0
DTXSID6025068,2387,0.0,0.0
DTXSID6025141,2387,1.1299961103655132e-17,0.0
DTXSID6025143,2387,0.0,0.0
DTXSID6025145,2387,0.0,0.0
DTXSID6025220,2387,1.5227871524304061e-05,0.0
DTXSID6025226,2387,0.9905334831907104,1.0
DTXSID6025272,2387,0.0,0.0
DTXSID6025355,2387,7.164462589581142e-08,0.0
DTXSID6025436,2387,,
DTXSID6025438,2387,0.0043013822515700455,0.0
DTXSID6025486,2387,0.0,0.0
DTXSID6025567,2387,0.0,0.0
DTXSID6025692,2387,0.0,0.0
DTXSID6026080,2387,0.0,0.0
DTXSID6026088,2387,0.24744736306617124,0.0
DTXSID6026298,2387,0.0,0.0
DTXSID6026797,2387,3.545971944206965e-11,0.0
DTXSID6026799,2387,0.9990891372366438,1.0
DTXSID6027050,2387,,
DTXSID6027052,2387,0.0,0.0
DTXSID6027131,2387,0.0,0.0
DTXSID6027218,2387,0.0,0.0
DTXSID6027268,2387,0.0,0.0
DTXSID6027345,2387,0.0,0.0
DTXSID6027397,2387,0.0,0.0
DTXSID6027713,2387,0.0,0.0
DTXSID6027921,2387,0.0,0.0
DTXSID6027923,2387,0.9999999996323915,1.0
DTXSID6028022,2387,2.2913641424554957e-11,0.0
DTXSID6029755,2387,,
DTXSID6031380,2387,0.0020708091623017856,0.0
DTXSID6032352,2387,2.6172744490637313e-13,0.0
DTXSID6032354,2387,0.0,0.0
DTXSID6032356,2387,0.0,0.0
DTXSID6032358,2387,,
DTXSID6032431,2387,0.0,0.0
DTXSID6032514,2387,0.0,0.0
DTXSID6032516,2387,0.24285240565925667,0.0
DTXSID6032518,2387,0.9969393494173069,1.0
DTXSID6032562,2387,0.0,0.0
DTXSID6032641,2387,0.0,0.0
DTXSID6032645,2387,0.0,0.0
DTXSID6032647,2387,0.9998450596963462,1.0
DTXSID6032649,2387,2.527096588879343e-10,0.0
DTXSID6034005,2387,0.0,0.0
DTXSID6034186,2387,0.9999999999999981,1.0
DTXSID6034265,2387,0.0,0.0
DTXSID6034392,2387,3.364361245779725e-14,0.0
DTXSID6034764,2387,0.0,0.0
DTXSID6034849,2387,0.0,0.0
DTXSID6034924,2387,0.0,0.0
DTXSID6034928,2387,0.0,0.0
DTXSID6034972,2387,0.0,0.0
DTXSID6035152,2387,0.00013656094341146855,0.0
DTXSID6036467,2387,0.0,0.0
DTXSID6040111,2387,0.9999999950788978,1.0
DTXSID6040371,2387,,
DTXSID6040747,2387,5.744916406929711e-05,0.0
DTXSID6040795,2387,0.0,0.0
DTXSID6041210,2387,,
DTXSID6041422,2387,7.720492641776162e-09,0.0
DTXSID6041424,2387,0.0,0.0
DTXSID6041426,2387,0.0,0.0
DTXSID6041472,2387,1.948742158380308e-08,0.0
DTXSID6041557,2387,0.0,0.0
DTXSID6041636,2387,0.0,0.0
DTXSID6041682,2387,,
DTXSID6041688,2387,0.0,0.0
DTXSID6041715,2387,,
DTXSID6041719,2387,2.4686343642820477e-06,0.0
DTXSID6041927,2387,,
DTXSID6042074,2387,0.02062628370907183,0.0
DTXSID6042232,2387,0.0,0.0
DTXSID6042234,2387,7.187147460285412e-13,0.0
DTXSID6042369,2387,0.999999999998714,1.0
DTXSID6042490,2387,0.0,0.0
DTXSID6042494,2387,,
DTXSID6043709,2387,0.001849022548195456,0.0
DTXSID6043915,2387,2.0046884257201445e-13,0.0
DTXSID6044303,2387,9.205686649764634e-12,0.0
DTXSID6044430,2387,0.0,0.0
DTXSID6045400,2387,4.298647570232375e-10,0.0
DTXSID6047103,2387,0.38060327475994554,0.0
DTXSID6047280,2387,0.999807545656281,1.0
DTXSID6047282,2387,0.0,0.0
DTXSID6047284,2387,0.0082336915737084,0.0
DTXSID6047288,2387,0.9999988697611039,1.0
DTXSID6047311,2387,,
DTXSID6047313,2387,0.0,0.0
DTXSID6047315,2387,0.0,0.0
DTXSID6047319,2387,4.336353491435771e-07,0.0
DTXSID6047363,2387,0.3106972963170131,0.0
DTXSID6047367,2387,0.984266043456623,1.0
DTXSID6047369,2387,1.0117208653867199e-09,0.0
DTXSID6047448,2387,0.0,0.0
DTXSID6047525,2387,1.4602071970649645e-13,0.0
DTXSID6047527,2387,,
DTXSID6048171,2387,0.008581163053281037,0.0
DTXSID6048175,2387,9.225186615505546e-07,0.0
DTXSID6048200,2387,0.0,0.0
DTXSID6048202,2387,0.0,0.0
DTXSID6048204,2387,0.0,0.0
DTXSID6048206,2387,0.0,0.0
DTXSID6048208,2387,0.0,0.0
DTXSID7020005,2387,2.491778302555566e-07,0.0
DTXSID7020182,2387,0.99947392993304,1.0
DTXSID7020267,2387,0.0,0.0
DTXSID7020348,2387,0.002286650870208057,0.0
DTXSID7020392,2387,0.00017110981926061474,0.0
DTXSID7020425,2387,,
DTXSID7020479,2387,0.0,0.0
DTXSID7020508,2387,4.413019742531664e-08,0.0
DTXSID7020683,2387,2.0360922524436697e-07,0.0
DTXSID7020685,2387,,
DTXSID7020687,2387,0.9999194472312352,1.0
DTXSID7020710,2387,0.0,0.0
DTXSID7020716,2387,4.156121586525488e-08,0.0
DTXSID7020760,2387,0.0,0.0
DTXSID7020764,2387,5.246199258742862e-07,0.0
DTXSID7020766,2387,4.252745020357779e-07,0.0
DTXSID7020768,2387,0.0,0.0
DTXSID7020843,2387,0.9228990220854286,1.0
DTXSID7020845,2387,0.0,0.0
DTXSID7020895,2387,0.0,0.0
DTXSID7020970,2387,0.0,0.0
DTXSID7020972,2387,0.09691138713696622,0.0
DTXSID7021029,2387,,
DTXSID7021100,2387,0.06273772034761163,0.0
DTXSID7021106,2387,0.0,0.0
DTXSID7021150,2387,0.4417341207088784,0.0
DTXSID7021152,2387,0.9998200480402014,1.0
DTXSID7021233,2387,4.398868082235487e-05,0.0
DTXSID7021237,2387,1.4553369430517113e-06,0.0
DTXSID7021239,2387,3.686615754129964e-06,0.0
DTXSID7021364,2387,0.0,0.0
DTXSID7021491,2387,0.0,0.0
DTXSID7021520,2387,0.0,0.0
DTXSID7021605,2387,0.0,0.0
DTXSID7021607,2387,3.7876832920026645e-14,0.0
DTXSID7021653,2387,4.954929359228853e-07,0.0
DTXSID7021655,2387,7.391485745889278e-11,0.0
DTXSID7021780,2387,1.2483360559166207e-06,0.0
DTXSID7021788,2387,0.0,0.0
DTXSID7021815,2387,0.0003027558139637889,0.0
DTXSID7021861,2387,6.853711588466953e-11,0.0
DTXSID7021863,2387,,
DTXSID7021869,2387,0.0,0.0
DTXSID7021940,2387,3.6575290377165894e-10,0.0
DTXSID7021946,2387,0.30099777187032767,0.0
DTXSID7021948,2387,0.03629092794341276,0.0
DTXSID7021992,2387,2.329074137893397e-11,0.0
DTXSID7022043,2387,2.5995675500458007e-10,0.0
DTXSID7022049,2387,0.0,0.0
DTXSID7022120,2387,1.758062047030679e-18,0.0
DTXSID7022174,2387,0.0,0.0
DTXSID7022253,2387,0.017068218320533398,0.0
DTXSID7022332,2387,0.9994786936687609,1.0
DTXSID7022411,2387,0.0,0.0
DTXSID7022413,2387,0.0,0.0
DTXSID7022679,2387,0.0,0.0
DTXSID7023192,2387,0.0,0.0
DTXSID7023645,2387,0.0,0.0
DTXSID7023936,2387,2.701659950377262e-09,0.0
DTXSID7024031,2387,0.0,0.0
DTXSID7024035,2387,1.764731492121041e-11,0.0
DTXSID7024081,2387,0.0,0.0
DTXSID7024085,2387,0.0,0.0
DTXSID7024087,2387,0.0,0.0
DTXSID7024112,2387,0.0,0.0
DTXSID7024160,2387,0.0,0.0
DTXSID7024166,2387,0.00038110087592840635,0.0
DTXSID7024241,2387,0.0,0.0
DTXSID7024245,2387,1.0822516231746708e-10,0.0
DTXSID7024247,2387,3.0494975997572704e-13,0.0
DTXSID7024299,2387,3.68515132687164e-06,0.0
DTXSID7024320,2387,0.9999999892824949,1.0
DTXSID7024328,2387,0.0,0.0
DTXSID7024376,2387,0.0,0.0
DTXSID7024538,2387,0.0,0.0
DTXSID7024586,2387,0.0,0.0
DTXSID7024821,2387,0.0,0.0
DTXSID7024827,2387,0.9999812926591637,1.0
DTXSID7024873,2387,0.0,0.0
DTXSID7024902,2387,0.00020608115436730038,0.0
DTXSID7025003,2387,,
DTXSID7025055,2387,0.7341704781035868,0.0
DTXSID7025130,2387,0.0,0.0
DTXSID7025132,2387,0.0,0.0
DTXSID7025217,2387,,
DTXSID7025219,2387,0.9999999910594944,1.0
DTXSID7025427,2387,0.0,0.0
DTXSID7025429,2387,1.399971662283529e-05,0.0
DTXSID7025502,2387,6.479877157270081e-10,0.0
DTXSID7025506,2387,2.3773892279125404e-08,0.0
DTXSID7025895,2387,0.0009634989081780617,0.0
DTXSID7026029,2387,0.11519341253021294,0.0
DTXSID7026102,2387,0.0,0.0
DTXSID7026156,2387,0.0,0.0
DTXSID7026235,2387,0.0,0.0
DTXSID7026285,2387,0.0,0.0
DTXSID7026314,2387,0.9999990790820245,1.0
DTXSID7026368,2387,0.0,0.0
DTXSID7026499,2387,5.734920254358711e-13,0.0
DTXSID7026811,2387,0.0,0.0
DTXSID7026867,2387,0.0,0.0
DTXSID7026946,2387,,
DTXSID7026994,2387,0.0,0.0
DTXSID7027041,2387,0.0,0.0
DTXSID7027047,2387,2.5654455968599915e-13,0.0
DTXSID7027205,2387,0.0,0.0
DTXSID7027388,2387,0.0,0.0
DTXSID7027461,2387,,
DTXSID7027540,2387,0.0,0.0
DTXSID7027625,2387,0.0,0.0
DTXSID7027756,2387,0.0,0.0
DTXSID7027833,2387,0.0,0.0
DTXSID7027837,2387,0.0,0.0
DTXSID7027887,2387,0.0026691310267658854,0.0
DTXSID7027916,2387,0.0,0.0
DTXSID7028774,2387,0.0013959918697896054,0.0
DTXSID7029110,2387,0.0,0.0
DTXSID7029162,2387,0.0,0.0
DTXSID7029164,2387,3.379464824938726e-10,0.0
DTXSID7029241,2387,0.9988873767474749,1.0
DTXSID7029320,2387,0.0,0.0
DTXSID7029611,2387,0.0,0.0
DTXSID7029661,2387,0.0,0.0
DTXSID7029871,2387,0.0,0.0
DTXSID7029879,2387,0.0,0.0
DTXSID7029904,2387,7.290085231404958e-09,0.0
DTXSID7030060,2387,0.0,0.0
DTXSID7030307,2387,,
DTXSID7030698,2387,0.0,0.0
DTXSID7031248,2387,0.0,0.0
DTXSID7031290,2387,0.8895208637705923,0.0
DTXSID7032004,2387,0.002117870469306606,0.0
DTXSID7032345,2387,0.3833340647378255,0.0
DTXSID7032393,2387,0.0,0.0
DTXSID7032424,2387,0.005301762187084987,0.0
DTXSID7032470,2387,0.0,0.0
DTXSID7032553,2387,0.0,0.0
DTXSID7032555,2387,2.7232178003190317e-09,0.0
DTXSID7032559,2387,0.0,0.0
DTXSID7032630,2387,0.0,0.0
DTXSID7032638,2387,0.0,0.0
DTXSID7032688,2387,0.0,0.0
DTXSID7034252,2387,0.0,0.0
DTXSID7034383,2387,0.0,0.0
DTXSID7034545,2387,0.0,0.0
DTXSID7034549,2387,0.0,0.0
DTXSID7034624,2387,0.0,0.0
DTXSID7034674,2387,0.9999998263579547,1.0
DTXSID7034676,2387,0.0,0.0
DTXSID7034961,2387,0.0,0.0
DTXSID7035010,2387,0.0,0.0
DTXSID7035272,2387,0.0,0.0
DTXSID7037185,2387,0.9999996965479371,1.0
DTXSID7037262,2387,0.0,0.0
DTXSID7037551,2387,,
DTXSID7037717,2387,0.987304574301569,1.0
DTXSID7038810,2387,0.0,0.0
DTXSID7038864,2387,0.999883399233454,1.0
DTXSID7040285,2387,0.00032929816355635103,0.0
DTXSID7040360,2387,0.0,0.0
DTXSID7040362,2387,0.0,0.0
DTXSID7040788,2387,0.9999209277037987,1.0
DTXSID7041097,2387,0.0,0.0
DTXSID7041413,2387,,
DTXSID7041544,2387,0.007198715568609432,0.0
DTXSID7041623,2387,0.0,0.0
DTXSID7041675,2387,,
DTXSID7041708,2387,1.1845827416093738e-09,0.0
DTXSID7041889,2387,0.0,0.0
DTXSID7041962,2387,1.2442654308987112e-08,0.0
DTXSID7042011,2387,0.0,0.0
DTXSID7042061,2387,0.0,0.0
DTXSID7042065,2387,0.0,0.0
DTXSID7042190,2387,1.6466142109312353e-09,0.0
DTXSID7042196,2387,0.0,0.0
DTXSID7042198,2387,0.0,0.0
DTXSID7042273,2387,0.9983761285274287,1.0
DTXSID7042356,2387,1.5180529881356244e-07,0.0
DTXSID7044390,2387,0.0,0.0
DTXSID7044394,2387,8.336015905792516e-08,0.0
DTXSID7044718,2387,0.0,0.0
DTXSID7044928,2387,0.0,0.0
DTXSID7047271,2387,0.0,0.0
DTXSID7047277,2387,0.999958104347164,1.0
DTXSID7047279,2387,0.0,0.0
DTXSID7047304,2387,1.2501606282133641e-10,0.0
DTXSID7047306,2387,0.0,0.0
DTXSID7047308,2387,6.488516860927421e-14,0.0
DTXSID7047356,2387,3.1773577829167175e-10,0.0
DTXSID7047358,2387,6.719901455529437e-10,0.0
DTXSID7047433,2387,1.3542153854901364e-08,0.0
DTXSID7047487,2387,,
DTXSID7048166,2387,0.0,0.0
DTXSID7048168,2387,0.0,0.0
DTXSID7051557,2387,0.0,0.0
DTXSID8020040,2387,0.0,0.0
DTXSID8020044,2387,0.0,0.0
DTXSID8020121,2387,0.0,0.0
DTXSID8020123,2387,0.000199547570159588,0.0
DTXSID8020127,2387,0.006105987651759662,0.0
DTXSID8020179,2387,0.0,0.0
DTXSID8020331,2387,2.723189146719353e-09,0.0
DTXSID8020337,2387,2.0116923560764417e-12,0.0
DTXSID8020381,2387,0.0,0.0
DTXSID8020462,2387,0.014323261476822998,0.0
DTXSID8020466,2387,0.0,0.0
DTXSID8020541,2387,4.366116019725997e-09,0.0
DTXSID8020591,2387,0.0,0.0
DTXSID8020597,2387,0.13320621323567597,0.0
DTXSID8020620,2387,0.0,0.0
DTXSID8020622,2387,1.8038098317826656e-14,0.0
DTXSID8020628,2387,0.0,0.0
DTXSID8020755,2387,0.0,0.0
DTXSID8020759,2387,7.198970331018288e-12,0.0
DTXSID8020830,2387,6.622729682828017e-10,0.0
DTXSID8020834,2387,0.0,0.0
DTXSID8020913,2387,0.0,0.0
DTXSID8020915,2387,0.0,0.0
DTXSID8020961,2387,,
DTXSID8020969,2387,0.0,0.0
DTXSID8021062,2387,5.485463383693621e-06,0.0
DTXSID8021195,2387,0.0,0.0
DTXSID8021199,2387,0.0,0.0
DTXSID8021224,2387,0.0,0.0
DTXSID8021272,2387,0.0,0.0
DTXSID8021301,2387,0.99993857033793,1.0
DTXSID8021515,2387,3.542496681693264e-11,0.0
DTXSID8021517,2387,0.0,0.0
DTXSID8021519,2387,0.0,0.0
DTXSID8021640,2387,0.0,0.0
DTXSID8021642,2387,0.0,0.0
DTXSID8021771,2387,0.48408498972404,0.0
DTXSID8021777,2387,0.0,0.0
DTXSID8021800,2387,0.0,0.0
DTXSID8021804,2387,2.817966611774064e-09,0.0
DTXSID8021808,2387,0.0,0.0
DTXSID8021856,2387,,
DTXSID8021931,2387,0.0,0.0
DTXSID8021937,2387,0.013074910408104996,0.0
DTXSID8022111,2387,5.500343745185196e-07,0.0
DTXSID8022113,2387,0.0,0.0
DTXSID8022292,2387,,
DTXSID8022325,2387,0.9999999999999959,1.0
DTXSID8022377,2387,1.0,1.0
DTXSID8022406,2387,0.0,0.0
DTXSID8022408,2387,0.0,0.0
DTXSID8022589,2387,,
DTXSID8022828,2387,0.12827969658675364,0.0
DTXSID8022959,2387,7.992394632368109e-07,0.0
DTXSID8023216,2387,0.0018211739315213337,0.0
DTXSID8023632,2387,0.0,0.0
DTXSID8023719,2387,0.0005587169121757851,0.0
DTXSID8023846,2387,,
DTXSID8023848,2387,0.0,0.0
DTXSID8023890,2387,0.0,0.0
DTXSID8023892,2387,0.2707578501141043,0.0
DTXSID8023927,2387,7.02801506644797e-14,0.0
DTXSID8023977,2387,6.738282172210795e-12,0.0
DTXSID8024072,2387,0.0,0.0
DTXSID8024105,2387,0.0,0.0
DTXSID8024107,2387,1.6405294762986793e-08,0.0
DTXSID8024109,2387,,
DTXSID8024151,2387,5.9561242203247585e-05,0.0
DTXSID8024153,2387,0.0,0.0
DTXSID8024157,2387,,
DTXSID8024159,2387,0.0013711195797815152,0.0
DTXSID8024234,2387,,
DTXSID8024238,2387,0.3302917902516286,0.0
DTXSID8024280,2387,0.9975167717189214,1.0
DTXSID8024284,2387,0.0,0.0
DTXSID8024311,2387,,
DTXSID8024315,2387,2.4410134641338246e-06,0.0
DTXSID8024317,2387,6.337310796586869e-11,0.0
DTXSID8024523,2387,0.9999999999999998,1.0
DTXSID8024652,2387,1.2257903504661198e-06,0.0
DTXSID8024814,2387,,
DTXSID8024993,2387,0.0,0.0
DTXSID8024999,2387,,
DTXSID8025096,2387,0.0,0.0
DTXSID8025337,2387,1.7816826422532219e-10,0.0
DTXSID8025595,2387,1.8258530500350503e-10,0.0
DTXSID8025599,2387,0.018559797096665144,0.0
DTXSID8025886,2387,0.0,0.0
DTXSID8025961,2387,8.665687294021886e-08,0.0
DTXSID8026060,2387,0.0,0.0
DTXSID8026141,2387,0.0,0.0
DTXSID8026193,2387,0.0,0.0
DTXSID8026224,2387,0.0,0.0
DTXSID8026228,2387,,
DTXSID8026307,2387,1.837924467075463e-19,0.0
DTXSID8026488,2387,0.0,0.0
DTXSID8026513,2387,,
DTXSID8026640,2387,0.0,0.0
DTXSID8026694,2387,,
DTXSID8026698,2387,0.9999677831206671,1.0
DTXSID8026727,2387,0.0,0.0
DTXSID8026773,2387,0.0,0.0
DTXSID8027032,2387,0.0,0.0
DTXSID8027034,2387,6.265524940837599e-10,0.0
DTXSID8027036,2387,0.0,0.0
DTXSID8027246,2387,0.0,0.0
DTXSID8027292,2387,1.2618618770896584e-08,0.0
DTXSID8027373,2387,0.0,0.0
DTXSID8027377,2387,0.0,0.0
DTXSID8027402,2387,2.2908880758469028e-07,0.0
DTXSID8027454,2387,0.0,0.0
DTXSID8027581,2387,1.5141282111131444e-05,0.0
DTXSID8027793,2387,0.8455506907257585,0.0
DTXSID8027826,2387,0.0,0.0
DTXSID8027955,2387,0.0,0.0
DTXSID8029105,2387,4.375007347624758e-08,0.0
DTXSID8029153,2387,1.6062032802462255e-06,0.0
DTXSID8029157,2387,0.0,0.0
DTXSID8029159,2387,0.0,0.0
DTXSID8029600,2387,1.0390188725247706e-12,0.0
DTXSID8029650,2387,,
DTXSID8031077,2387,3.574440812314635e-07,0.0
DTXSID8031863,2387,0.016753839428576254,0.0
DTXSID8031865,2387,0.0,0.0
DTXSID8032386,2387,2.879000102913382e-11,0.0
DTXSID8032544,2387,0.0,0.0
DTXSID8032548,2387,2.0616482561975567e-13,0.0
DTXSID8032671,2387,0.0,0.0
DTXSID8032673,2387,0.0,0.0
DTXSID8032675,2387,0.0,0.0
DTXSID8034324,2387,0.0,0.0
DTXSID8034376,2387,0.0,0.0
DTXSID8034401,2387,0.0,0.0
DTXSID8034538,2387,0.997476894367659,1.0
DTXSID8034580,2387,,
DTXSID8034586,2387,0.0,0.0
DTXSID8034588,2387,4.31141940513753e-11,0.0
DTXSID8034665,2387,,
DTXSID8034742,2387,0.9848224360226926,1.0
DTXSID8034823,2387,1.5108478891233752e-14,0.0
DTXSID8034871,2387,0.0,0.0
DTXSID8034877,2387,0.0,0.0
DTXSID8034956,2387,0.9999054199655736,1.0
DTXSID8035001,2387,0.0,0.0
DTXSID8035180,2387,0.0,0.0
DTXSID8035423,2387,2.067338168059486e-12,0.0
DTXSID8037540,2387,1.1749850451179508e-13,0.0
DTXSID8037706,2387,0.0,0.0
DTXSID8037708,2387,0.0,0.0
DTXSID8037752,2387,0.0,0.0
DTXSID8037754,2387,3.362073213255215e-09,0.0
DTXSID8040222,2387,0.0,0.0
DTXSID8040484,2387,0.0,0.0
DTXSID8040694,2387,1.9400828084037213e-07,0.0
DTXSID8040721,2387,0.0,0.0
DTXSID8040775,2387,0.0,0.0
DTXSID8041248,2387,0.0008758637248106522,0.0
DTXSID8041298,2387,4.5191116046401514e-05,0.0
DTXSID8041379,2387,0.0,0.0
DTXSID8041610,2387,0.0,0.0
DTXSID8041909,2387,0.0,0.0
DTXSID8041955,2387,0.0,0.0
DTXSID8041957,2387,,
DTXSID8042006,2387,0.0,0.0
DTXSID8042052,2387,0.0,0.0
DTXSID8042187,2387,7.318666862269036e-05,0.0
DTXSID8042189,2387,4.463225947492644e-05,0.0
DTXSID8042399,2387,0.0,0.0
DTXSID8042422,2387,,
DTXSID8042424,2387,0.0,0.0
DTXSID8042426,2387,,
DTXSID8042503,2387,1.3655914135122843e-11,0.0
DTXSID8042507,2387,0.0,0.0
DTXSID8044175,2387,1.1628844071132652e-09,0.0
DTXSID8044202,2387,5.775121950541511e-13,0.0
DTXSID8044593,2387,0.0,0.0
DTXSID8044888,2387,0.0,0.0
DTXSID8045191,2387,,
DTXSID8046666,2387,0.999999999898058,1.0
DTXSID8047185,2387,0.0,0.0
DTXSID8047262,2387,0.0005637722859541918,0.0
DTXSID8047264,2387,0.0,0.0
DTXSID8047266,2387,0.0,0.0
DTXSID8047268,2387,,
DTXSID8047341,2387,0.649633684006543,0.0
DTXSID8047347,2387,0.999996674315896,1.0
DTXSID8047349,2387,0.08882397529410532,0.0
DTXSID8047391,2387,0.0,0.0
DTXSID8047395,2387,0.0,0.0
DTXSID8047553,2387,0.0,0.0
DTXSID8047769,2387,0.0,0.0
DTXSID8048521,2387,0.0,0.0
DTXSID9020087,2387,0.004360495517437957,0.0
DTXSID9020089,2387,0.0,0.0
DTXSID9020112,2387,5.037818302740367e-09,0.0
DTXSID9020114,2387,0.9999972515700533,1.0
DTXSID9020160,2387,0.0,0.0
DTXSID9020164,2387,0.0,0.0
DTXSID9020168,2387,1.1045548465468832e-10,0.0
DTXSID9020243,2387,0.9999804463510543,1.0
DTXSID9020247,2387,0.0,0.0
DTXSID9020249,2387,,
DTXSID9020293,2387,0.9956160617830153,1.0
DTXSID9020295,2387,0.0,0.0
DTXSID9020299,2387,0.9994931657080793,1.0
DTXSID9020370,2387,0.0,0.0
DTXSID9020372,2387,0.0,0.0
DTXSID9020374,2387,0.22991319370031768,0.0
DTXSID9020376,2387,1.1851631325801877e-13,0.0
DTXSID9020407,2387,0.0,0.0
DTXSID9020409,2387,3.355081469293864e-08,0.0
DTXSID9020453,2387,2.7751237884615923e-07,0.0
DTXSID9020582,2387,9.434341909003064e-10,0.0
DTXSID9020617,2387,0.0014562339726958225,0.0
DTXSID9020663,2387,0.0,0.0
DTXSID9020740,2387,0.0,0.0
DTXSID9020790,2387,0.02402397642283991,0.0
DTXSID9020792,2387,1.4109515708773073e-14,0.0
DTXSID9020794,2387,0.00038598008186975524,0.0
DTXSID9020827,2387,0.0,0.0
DTXSID9020877,2387,0.011019718141687392,0.0
DTXSID9021138,2387,0.9997174585691004,1.0
DTXSID9021217,2387,0.01442489223428794,0.0
DTXSID9021340,2387,9.725647952891111e-15,0.0
DTXSID9021348,2387,,
DTXSID9021390,2387,0.0,0.0
DTXSID9021392,2387,,
DTXSID9021427,2387,0.0,0.0
DTXSID9021477,2387,0.0,0.0
DTXSID9021554,2387,,
DTXSID9021639,2387,,
DTXSID9021689,2387,,
DTXSID9021764,2387,,
DTXSID9021847,2387,0.0,0.0
DTXSID9021897,2387,0.0,0.0
DTXSID9021922,2387,0.0,0.0
DTXSID9021928,2387,,
DTXSID9021976,2387,2.737798411780013e-05,0.0
DTXSID9022100,2387,0.08965933827598394,0.0
DTXSID9022310,2387,,
DTXSID9022312,2387,0.9954157265498593,1.0
DTXSID9022360,2387,0.9999999393154411,1.0
DTXSID9022364,2387,0.9999999999999643,1.0
DTXSID9022366,2387,,
DTXSID9022522,2387,0.0,0.0
DTXSID9022524,2387,8.356027019718651e-11,0.0
DTXSID9022526,2387,0.99969450694125,1.0
DTXSID9022528,2387,0.0,0.0
DTXSID9022607,2387,5.2038957995787527e-08,0.0
DTXSID9022817,2387,0.0,0.0
DTXSID9023380,2387,1.0,1.0
DTXSID9023833,2387,0.0,0.0
DTXSID9023881,2387,0.0,0.0
DTXSID9023889,2387,0.0,0.0
DTXSID9023914,2387,7.208454115153466e-11,0.0
DTXSID9024063,2387,1.1506936211070273e-11,0.0
DTXSID9024065,2387,0.0,0.0
DTXSID9024194,2387,0.0,0.0
DTXSID9024304,2387,8.804904277009256e-07,0.0
DTXSID9024431,2387,4.878827073940841e-19,0.0
DTXSID9024489,2387,6.181981304259477e-06,0.0
DTXSID9024691,2387,0.0,0.0
DTXSID9024699,2387,0.0,0.0
DTXSID9024930,2387,0.0,0.0
DTXSID9024986,2387,0.002557024200333176,0.0
DTXSID9025110,2387,0.0,0.0
DTXSID9025291,2387,,
DTXSID9025293,2387,0.0,0.0
DTXSID9025297,2387,0.0,0.0
DTXSID9025403,2387,0.0,0.0
DTXSID9025451,2387,0.00023833454019266654,0.0
DTXSID9025453,2387,,
DTXSID9025796,2387,0.0,0.0
DTXSID9026132,2387,,
DTXSID9026261,2387,0.000325739897835016,0.0
DTXSID9026265,2387,0.0,0.0
DTXSID9026342,2387,0.0,0.0
DTXSID9026500,2387,3.4392558154701017e-07,0.0
DTXSID9026689,2387,0.0,0.0
DTXSID9026841,2387,0.0,0.0
DTXSID9026922,2387,0.0,0.0
DTXSID9026926,2387,0.0,0.0
DTXSID9026974,2387,0.9998738841239876,1.0
DTXSID9027312,2387,7.1527192168512185e-06,0.0
DTXSID9027360,2387,0.0,0.0
DTXSID9027364,2387,0.0,0.0
DTXSID9027441,2387,0.01226252683588229,0.0
DTXSID9027522,2387,0.0,0.0
DTXSID9027528,2387,0.0,0.0
DTXSID9027738,2387,0.0,0.0
DTXSID9027863,2387,0.0,0.0
DTXSID9029146,2387,5.691645726001388e-09,0.0
DTXSID9029221,2387,,
DTXSID9029223,2387,0.0,0.0
DTXSID9029302,2387,1.408640199994006e-06,0.0
DTXSID9029304,2387,1.6819898422882821e-13,0.0
DTXSID9029649,2387,,
DTXSID9032113,2387,0.9988647592093087,1.0
DTXSID9032327,2387,0.0,0.0
DTXSID9032329,2387,0.0,0.0
DTXSID9032379,2387,0.010200176161476072,0.0
DTXSID9032531,2387,1.5697299180661435e-13,0.0
DTXSID9032533,2387,1.5091462719413288e-07,0.0
DTXSID9032535,2387,1.589152129213415e-06,0.0
DTXSID9032537,2387,1.3671277992568608e-12,0.0
DTXSID9032581,2387,4.2180748357769255e-09,0.0
DTXSID9032610,2387,,
DTXSID9033058,2387,0.0,0.0
DTXSID9033923,2387,0.0,0.0
DTXSID9034232,2387,0.0,0.0
DTXSID9034282,2387,0.0006038405800327801,0.0
DTXSID9034286,2387,0.9999999732963696,1.0
DTXSID9034317,2387,1.890395107067678e-08,0.0
DTXSID9034361,2387,,
DTXSID9034365,2387,0.0,0.0
DTXSID9034490,2387,0.0,0.0
DTXSID9034492,2387,2.5984179501980264e-10,0.0
DTXSID9034816,2387,1.4430497800731896e-13,0.0
DTXSID9034818,2387,0.06328206384008882,0.0
DTXSID9034864,2387,3.723404968708126e-05,0.0
DTXSID9034997,2387,0.852312367919153,0.0
DTXSID9035175,2387,0.0,0.0
DTXSID9035204,2387,0.9999999417473244,1.0
DTXSID9036226,2387,0.0,0.0
DTXSID9036515,2387,1.0,1.0
DTXSID9036690,2387,0.0,0.0
DTXSID9036933,2387,0.0,0.0
DTXSID9037539,2387,0.0,0.0
DTXSID9037745,2387,0.007212351814494107,0.0
DTXSID9037749,2387,,
DTXSID9040001,2387,0.0,0.0
DTXSID9040342,2387,0.0001873858582560269,0.0
DTXSID9040710,2387,0.0,0.0
DTXSID9040716,2387,0.08493153776706922,0.0
DTXSID9041237,2387,0.0,0.0
DTXSID9041289,2387,0.0028321162518796044,0.0
DTXSID9041368,2387,0.0,0.0
DTXSID9041491,2387,1.539338604204976e-08,0.0
DTXSID9041653,2387,0.051506614443721024,0.0
DTXSID9041815,2387,0.0,0.0
DTXSID9041861,2387,0.0,0.0
DTXSID9042093,2387,2.2578326737166797e-11,0.0
DTXSID9042209,2387,0.0,0.0
DTXSID9042382,2387,0.0,0.0
DTXSID9042415,2387,0.4132629902793279,0.0
DTXSID9043938,2387,,
DTXSID9044164,2387,0.9999983025053482,1.0
DTXSID9044536,2387,0.9991550062206379,1.0
DTXSID9044538,2387,0.0,0.0
DTXSID9044663,2387,1.5318087024902864e-13,0.0
DTXSID9044742,2387,0.0,0.0
DTXSID9044823,2387,,
DTXSID9044825,2387,0.9588474732776029,1.0
DTXSID9044902,2387,0.0,0.0
DTXSID9044904,2387,0.0,0.0
DTXSID9047178,2387,0.0,0.0
DTXSID9047205,2387,3.48910923416427e-05,0.0
DTXSID9047251,2387,0.9999997134645743,1.0
DTXSID9047253,2387,0.0,0.0
DTXSID9047255,2387,0.0,0.0
DTXSID9047257,2387,0.0,0.0
DTXSID9047259,2387,0.783701883561098,0.0
DTXSID9047330,2387,0.0,0.0
DTXSID9047334,2387,0.0,0.0
DTXSID9047338,2387,7.286325120077646e-08,0.0
DTXSID9047540,2387,0.9993384471090043,1.0
DTXSID9047542,2387,,
DTXSID9047590,2387,,
DTXSID9047592,2387,0.06948554978345217,0.0
DTXSID9047594,2387,0.0,0.0
DTXSID9047598,2387,0.9121460112455426,1.0
DTXSID9047708,2387,0.0,0.0
DTXSID9048190,2387,0.0,0.0
DTXSID9048192,2387,0.0,0.0
DTXSID9048194,2387,,
DTXSID9048196,2387,0.0,0.0
DTXSID9048198,2387,0.0,0.0
DTXSID9048510,2387,3.046865763647763e-06,0.0
DTXSID9048512,2387,,
DTXSID9048514,2387,,
DTXSID9048516,2387,0.0,0.0
DTXSID9048518,2387,0.0,0.0
DTXSID9052555,2387,0.0,0.0
DTXSID9052686,2387,0.0,0.0
